Case 0
7 0 4 4 5 5 6 6 9 9 11 11 7 12 4 16 5 17 6 18 0 26 0 30 0 31 0 32 0 35 0 37 0 50 0 54 0 55 0 56
Case 1
7 0 4 4 5 5 6 6 9 9 11 11 7 12 4 16 5 17 6 18 0 26 0 30 0 31 0 32 0 35 0 37 0 54 0 55 0 56 0 58
Case 2
7 0 4 4 5 5 6 6 9 9 11 11 7 12 4 16 5 17 6 18 0 26 0 30 0 31 0 32 0 35 0 37 0 54 0 55 0 56 0 66
Case 3
7 0 4 4 5 5 6 6 9 9 11 11 7 13 4 16 5 17 6 18 0 26 0 30 0 31 0 32 0 35 0 37 0 51 0 54 0 55 0 56
Case 4
7 0 4 4 5 5 6 6 9 9 11 11 7 13 4 16 5 17 6 18 0 26 0 30 0 31 0 32 0 35 0 37 0 54 0 55 0 56 0 59
Case 5
7 0 4 4 5 5 6 6 9 9 11 11 7 13 4 16 5 17 6 18 0 26 0 30 0 31 0 32 0 35 0 37 0 54 0 55 0 56 0 67
Case 6
7 0 4 4 5 5 6 6 9 9 11 11 7 14 4 16 5 17 6 18 0 26 0 30 0 31 0 32 0 35 0 37 0 52 0 54 0 55 0 56
Case 7
7 0 4 4 5 5 6 6 9 9 11 11 7 14 4 16 5 17 6 18 0 26 0 30 0 31 0 32 0 35 0 37 0 54 0 55 0 56 0 60
Case 8
7 0 4 4 5 5 6 6 9 9 11 11 7 14 4 16 5 17 6 18 0 26 0 30 0 31 0 32 0 35 0 37 0 54 0 55 0 56 0 68
Case 9
7 0 4 4 5 5 6 6 9 9 11 11 7 15 4 16 5 17 6 18 0 26 0 30 0 31 0 32 0 35 0 37 0 53 0 54 0 55 0 56
Case 10
7 0 4 4 5 5 6 6 9 9 11 11 7 15 4 16 5 17 6 18 0 26 0 30 0 31 0 32 0 35 0 37 0 54 0 55 0 56 0 61
Case 11
7 0 4 4 5 5 6 6 9 9 11 11 7 15 4 16 5 17 6 18 0 26 0 30 0 31 0 32 0 35 0 37 0 54 0 55 0 56 0 69
Case 12
7 0 4 4 5 5 6 6 9 9 11 11 4 16 5 17 6 18 7 19 0 26 0 30 0 31 0 32 0 35 0 37 0 54 0 55 0 56 0 57
Case 13
7 0 4 4 5 5 6 6 9 9 11 11 4 16 5 17 6 18 7 19 0 26 0 30 0 31 0 32 0 35 0 37 0 54 0 55 0 56 0 65
Case 14
7 0 4 4 5 5 6 6 9 9 11 11 4 16 5 17 6 18 7 19 0 26 0 30 0 31 0 32 0 35 0 37 0 54 0 55 0 56 0 73
Case 15
7 0 4 4 5 5 6 6 9 9 11 11 7 12 4 16 5 17 6 18 0 30 0 31 0 32 0 35 0 37 0 38 0 50 0 54 0 55 0 56
Case 16
7 0 4 4 5 5 6 6 9 9 11 11 7 12 4 16 5 17 6 18 0 30 0 31 0 32 0 35 0 37 0 38 0 54 0 55 0 56 0 58
Case 17
7 0 4 4 5 5 6 6 9 9 11 11 7 12 4 16 5 17 6 18 0 30 0 31 0 32 0 35 0 37 0 38 0 54 0 55 0 56 0 66
Case 18
7 0 4 4 5 5 6 6 9 9 11 11 7 13 4 16 5 17 6 18 0 30 0 31 0 32 0 35 0 37 0 38 0 51 0 54 0 55 0 56
Case 19
7 0 4 4 5 5 6 6 9 9 11 11 7 13 4 16 5 17 6 18 0 30 0 31 0 32 0 35 0 37 0 38 0 54 0 55 0 56 0 59
Case 20
7 0 4 4 5 5 6 6 9 9 11 11 7 13 4 16 5 17 6 18 0 30 0 31 0 32 0 35 0 37 0 38 0 54 0 55 0 56 0 67
Case 21
7 0 4 4 5 5 6 6 9 9 11 11 7 14 4 16 5 17 6 18 0 30 0 31 0 32 0 35 0 37 0 38 0 52 0 54 0 55 0 56
Case 22
7 0 4 4 5 5 6 6 9 9 11 11 7 14 4 16 5 17 6 18 0 30 0 31 0 32 0 35 0 37 0 38 0 54 0 55 0 56 0 60
Case 23
7 0 4 4 5 5 6 6 9 9 11 11 7 14 4 16 5 17 6 18 0 30 0 31 0 32 0 35 0 37 0 38 0 54 0 55 0 56 0 68
Case 24
7 0 4 4 5 5 6 6 9 9 11 11 7 15 4 16 5 17 6 18 0 30 0 31 0 32 0 35 0 37 0 38 0 53 0 54 0 55 0 56
Case 25
7 0 4 4 5 5 6 6 9 9 11 11 7 15 4 16 5 17 6 18 0 30 0 31 0 32 0 35 0 37 0 38 0 54 0 55 0 56 0 61
Case 26
7 0 4 4 5 5 6 6 9 9 11 11 7 15 4 16 5 17 6 18 0 30 0 31 0 32 0 35 0 37 0 38 0 54 0 55 0 56 0 69
Case 27
7 0 4 4 5 5 6 6 9 9 11 11 4 16 5 17 6 18 7 19 0 30 0 31 0 32 0 35 0 37 0 38 0 54 0 55 0 56 0 57
Case 28
7 0 4 4 5 5 6 6 9 9 11 11 4 16 5 17 6 18 7 19 0 30 0 31 0 32 0 35 0 37 0 38 0 54 0 55 0 56 0 65
Case 29
7 0 4 4 5 5 6 6 9 9 11 11 4 16 5 17 6 18 7 19 0 30 0 31 0 32 0 35 0 37 0 38 0 54 0 55 0 56 0 73
Case 30
7 1 4 4 5 5 6 6 9 9 11 11 7 12 4 16 5 17 6 18 0 27 0 30 0 31 0 32 0 35 0 37 0 50 0 54 0 55 0 56
Case 31
7 1 4 4 5 5 6 6 9 9 11 11 7 12 4 16 5 17 6 18 0 27 0 30 0 31 0 32 0 35 0 37 0 54 0 55 0 56 0 58
Case 32
7 1 4 4 5 5 6 6 9 9 11 11 7 12 4 16 5 17 6 18 0 27 0 30 0 31 0 32 0 35 0 37 0 54 0 55 0 56 0 66
Case 33
7 1 4 4 5 5 6 6 9 9 11 11 7 13 4 16 5 17 6 18 0 27 0 30 0 31 0 32 0 35 0 37 0 51 0 54 0 55 0 56
Case 34
7 1 4 4 5 5 6 6 9 9 11 11 7 13 4 16 5 17 6 18 0 27 0 30 0 31 0 32 0 35 0 37 0 54 0 55 0 56 0 59
Case 35
7 1 4 4 5 5 6 6 9 9 11 11 7 13 4 16 5 17 6 18 0 27 0 30 0 31 0 32 0 35 0 37 0 54 0 55 0 56 0 67
Case 36
7 1 4 4 5 5 6 6 9 9 11 11 7 14 4 16 5 17 6 18 0 27 0 30 0 31 0 32 0 35 0 37 0 52 0 54 0 55 0 56
Case 37
7 1 4 4 5 5 6 6 9 9 11 11 7 14 4 16 5 17 6 18 0 27 0 30 0 31 0 32 0 35 0 37 0 54 0 55 0 56 0 60
Case 38
7 1 4 4 5 5 6 6 9 9 11 11 7 14 4 16 5 17 6 18 0 27 0 30 0 31 0 32 0 35 0 37 0 54 0 55 0 56 0 68
Case 39
7 1 4 4 5 5 6 6 9 9 11 11 7 15 4 16 5 17 6 18 0 27 0 30 0 31 0 32 0 35 0 37 0 53 0 54 0 55 0 56
Case 40
7 1 4 4 5 5 6 6 9 9 11 11 7 15 4 16 5 17 6 18 0 27 0 30 0 31 0 32 0 35 0 37 0 54 0 55 0 56 0 61
Case 41
7 1 4 4 5 5 6 6 9 9 11 11 7 15 4 16 5 17 6 18 0 27 0 30 0 31 0 32 0 35 0 37 0 54 0 55 0 56 0 69
Case 42
7 1 4 4 5 5 6 6 9 9 11 11 4 16 5 17 6 18 7 19 0 27 0 30 0 31 0 32 0 35 0 37 0 54 0 55 0 56 0 57
Case 43
7 1 4 4 5 5 6 6 9 9 11 11 4 16 5 17 6 18 7 19 0 27 0 30 0 31 0 32 0 35 0 37 0 54 0 55 0 56 0 65
Case 44
7 1 4 4 5 5 6 6 9 9 11 11 4 16 5 17 6 18 7 19 0 27 0 30 0 31 0 32 0 35 0 37 0 54 0 55 0 56 0 73
Case 45
7 1 4 4 5 5 6 6 9 9 11 11 7 12 4 16 5 17 6 18 0 30 0 31 0 32 0 35 0 37 0 39 0 50 0 54 0 55 0 56
Case 46
7 1 4 4 5 5 6 6 9 9 11 11 7 12 4 16 5 17 6 18 0 30 0 31 0 32 0 35 0 37 0 39 0 54 0 55 0 56 0 58
Case 47
7 1 4 4 5 5 6 6 9 9 11 11 7 12 4 16 5 17 6 18 0 30 0 31 0 32 0 35 0 37 0 39 0 54 0 55 0 56 0 66
Case 48
7 1 4 4 5 5 6 6 9 9 11 11 7 13 4 16 5 17 6 18 0 30 0 31 0 32 0 35 0 37 0 39 0 51 0 54 0 55 0 56
Case 49
7 1 4 4 5 5 6 6 9 9 11 11 7 13 4 16 5 17 6 18 0 30 0 31 0 32 0 35 0 37 0 39 0 54 0 55 0 56 0 59
Case 50
7 1 4 4 5 5 6 6 9 9 11 11 7 13 4 16 5 17 6 18 0 30 0 31 0 32 0 35 0 37 0 39 0 54 0 55 0 56 0 67
Case 51
7 1 4 4 5 5 6 6 9 9 11 11 7 14 4 16 5 17 6 18 0 30 0 31 0 32 0 35 0 37 0 39 0 52 0 54 0 55 0 56
Case 52
7 1 4 4 5 5 6 6 9 9 11 11 7 14 4 16 5 17 6 18 0 30 0 31 0 32 0 35 0 37 0 39 0 54 0 55 0 56 0 60
Case 53
7 1 4 4 5 5 6 6 9 9 11 11 7 14 4 16 5 17 6 18 0 30 0 31 0 32 0 35 0 37 0 39 0 54 0 55 0 56 0 68
Case 54
7 1 4 4 5 5 6 6 9 9 11 11 7 15 4 16 5 17 6 18 0 30 0 31 0 32 0 35 0 37 0 39 0 53 0 54 0 55 0 56
Case 55
7 1 4 4 5 5 6 6 9 9 11 11 7 15 4 16 5 17 6 18 0 30 0 31 0 32 0 35 0 37 0 39 0 54 0 55 0 56 0 61
Case 56
7 1 4 4 5 5 6 6 9 9 11 11 7 15 4 16 5 17 6 18 0 30 0 31 0 32 0 35 0 37 0 39 0 54 0 55 0 56 0 69
Case 57
7 1 4 4 5 5 6 6 9 9 11 11 4 16 5 17 6 18 7 19 0 30 0 31 0 32 0 35 0 37 0 39 0 54 0 55 0 56 0 57
Case 58
7 1 4 4 5 5 6 6 9 9 11 11 4 16 5 17 6 18 7 19 0 30 0 31 0 32 0 35 0 37 0 39 0 54 0 55 0 56 0 65
Case 59
7 1 4 4 5 5 6 6 9 9 11 11 4 16 5 17 6 18 7 19 0 30 0 31 0 32 0 35 0 37 0 39 0 54 0 55 0 56 0 73
Case 60
7 2 4 4 5 5 6 6 9 9 11 11 7 12 4 16 5 17 6 18 0 28 0 30 0 31 0 32 0 35 0 37 0 50 0 54 0 55 0 56
Case 61
7 2 4 4 5 5 6 6 9 9 11 11 7 12 4 16 5 17 6 18 0 28 0 30 0 31 0 32 0 35 0 37 0 54 0 55 0 56 0 58
Case 62
7 2 4 4 5 5 6 6 9 9 11 11 7 12 4 16 5 17 6 18 0 28 0 30 0 31 0 32 0 35 0 37 0 54 0 55 0 56 0 66
Case 63
7 2 4 4 5 5 6 6 9 9 11 11 7 13 4 16 5 17 6 18 0 28 0 30 0 31 0 32 0 35 0 37 0 51 0 54 0 55 0 56
Case 64
7 2 4 4 5 5 6 6 9 9 11 11 7 13 4 16 5 17 6 18 0 28 0 30 0 31 0 32 0 35 0 37 0 54 0 55 0 56 0 59
Case 65
7 2 4 4 5 5 6 6 9 9 11 11 7 13 4 16 5 17 6 18 0 28 0 30 0 31 0 32 0 35 0 37 0 54 0 55 0 56 0 67
Case 66
7 2 4 4 5 5 6 6 9 9 11 11 7 14 4 16 5 17 6 18 0 28 0 30 0 31 0 32 0 35 0 37 0 52 0 54 0 55 0 56
Case 67
7 2 4 4 5 5 6 6 9 9 11 11 7 14 4 16 5 17 6 18 0 28 0 30 0 31 0 32 0 35 0 37 0 54 0 55 0 56 0 60
Case 68
7 2 4 4 5 5 6 6 9 9 11 11 7 14 4 16 5 17 6 18 0 28 0 30 0 31 0 32 0 35 0 37 0 54 0 55 0 56 0 68
Case 69
7 2 4 4 5 5 6 6 9 9 11 11 7 15 4 16 5 17 6 18 0 28 0 30 0 31 0 32 0 35 0 37 0 53 0 54 0 55 0 56
Case 70
7 2 4 4 5 5 6 6 9 9 11 11 7 15 4 16 5 17 6 18 0 28 0 30 0 31 0 32 0 35 0 37 0 54 0 55 0 56 0 61
Case 71
7 2 4 4 5 5 6 6 9 9 11 11 7 15 4 16 5 17 6 18 0 28 0 30 0 31 0 32 0 35 0 37 0 54 0 55 0 56 0 69
Case 72
7 2 4 4 5 5 6 6 9 9 11 11 4 16 5 17 6 18 7 19 0 28 0 30 0 31 0 32 0 35 0 37 0 54 0 55 0 56 0 57
Case 73
7 2 4 4 5 5 6 6 9 9 11 11 4 16 5 17 6 18 7 19 0 28 0 30 0 31 0 32 0 35 0 37 0 54 0 55 0 56 0 65
Case 74
7 2 4 4 5 5 6 6 9 9 11 11 4 16 5 17 6 18 7 19 0 28 0 30 0 31 0 32 0 35 0 37 0 54 0 55 0 56 0 73
Case 75
7 2 4 4 5 5 6 6 9 9 11 11 7 12 4 16 5 17 6 18 0 30 0 31 0 32 0 35 0 37 0 40 0 50 0 54 0 55 0 56
Case 76
7 2 4 4 5 5 6 6 9 9 11 11 7 12 4 16 5 17 6 18 0 30 0 31 0 32 0 35 0 37 0 40 0 54 0 55 0 56 0 58
Case 77
7 2 4 4 5 5 6 6 9 9 11 11 7 12 4 16 5 17 6 18 0 30 0 31 0 32 0 35 0 37 0 40 0 54 0 55 0 56 0 66
Case 78
7 2 4 4 5 5 6 6 9 9 11 11 7 13 4 16 5 17 6 18 0 30 0 31 0 32 0 35 0 37 0 40 0 51 0 54 0 55 0 56
Case 79
7 2 4 4 5 5 6 6 9 9 11 11 7 13 4 16 5 17 6 18 0 30 0 31 0 32 0 35 0 37 0 40 0 54 0 55 0 56 0 59
Case 80
7 2 4 4 5 5 6 6 9 9 11 11 7 13 4 16 5 17 6 18 0 30 0 31 0 32 0 35 0 37 0 40 0 54 0 55 0 56 0 67
Case 81
7 2 4 4 5 5 6 6 9 9 11 11 7 14 4 16 5 17 6 18 0 30 0 31 0 32 0 35 0 37 0 40 0 52 0 54 0 55 0 56
Case 82
7 2 4 4 5 5 6 6 9 9 11 11 7 14 4 16 5 17 6 18 0 30 0 31 0 32 0 35 0 37 0 40 0 54 0 55 0 56 0 60
Case 83
7 2 4 4 5 5 6 6 9 9 11 11 7 14 4 16 5 17 6 18 0 30 0 31 0 32 0 35 0 37 0 40 0 54 0 55 0 56 0 68
Case 84
7 2 4 4 5 5 6 6 9 9 11 11 7 15 4 16 5 17 6 18 0 30 0 31 0 32 0 35 0 37 0 40 0 53 0 54 0 55 0 56
Case 85
7 2 4 4 5 5 6 6 9 9 11 11 7 15 4 16 5 17 6 18 0 30 0 31 0 32 0 35 0 37 0 40 0 54 0 55 0 56 0 61
Case 86
7 2 4 4 5 5 6 6 9 9 11 11 7 15 4 16 5 17 6 18 0 30 0 31 0 32 0 35 0 37 0 40 0 54 0 55 0 56 0 69
Case 87
7 2 4 4 5 5 6 6 9 9 11 11 4 16 5 17 6 18 7 19 0 30 0 31 0 32 0 35 0 37 0 40 0 54 0 55 0 56 0 57
Case 88
7 2 4 4 5 5 6 6 9 9 11 11 4 16 5 17 6 18 7 19 0 30 0 31 0 32 0 35 0 37 0 40 0 54 0 55 0 56 0 65
Case 89
7 2 4 4 5 5 6 6 9 9 11 11 4 16 5 17 6 18 7 19 0 30 0 31 0 32 0 35 0 37 0 40 0 54 0 55 0 56 0 73
Case 90
7 3 4 4 5 5 6 6 9 9 11 11 7 12 4 16 5 17 6 18 0 29 0 30 0 31 0 32 0 35 0 37 0 50 0 54 0 55 0 56
Case 91
7 3 4 4 5 5 6 6 9 9 11 11 7 12 4 16 5 17 6 18 0 29 0 30 0 31 0 32 0 35 0 37 0 54 0 55 0 56 0 58
Case 92
7 3 4 4 5 5 6 6 9 9 11 11 7 12 4 16 5 17 6 18 0 29 0 30 0 31 0 32 0 35 0 37 0 54 0 55 0 56 0 66
Case 93
7 3 4 4 5 5 6 6 9 9 11 11 7 13 4 16 5 17 6 18 0 29 0 30 0 31 0 32 0 35 0 37 0 51 0 54 0 55 0 56
Case 94
7 3 4 4 5 5 6 6 9 9 11 11 7 13 4 16 5 17 6 18 0 29 0 30 0 31 0 32 0 35 0 37 0 54 0 55 0 56 0 59
Case 95
7 3 4 4 5 5 6 6 9 9 11 11 7 13 4 16 5 17 6 18 0 29 0 30 0 31 0 32 0 35 0 37 0 54 0 55 0 56 0 67
Case 96
7 3 4 4 5 5 6 6 9 9 11 11 7 14 4 16 5 17 6 18 0 29 0 30 0 31 0 32 0 35 0 37 0 52 0 54 0 55 0 56
Case 97
7 3 4 4 5 5 6 6 9 9 11 11 7 14 4 16 5 17 6 18 0 29 0 30 0 31 0 32 0 35 0 37 0 54 0 55 0 56 0 60
Case 98
7 3 4 4 5 5 6 6 9 9 11 11 7 14 4 16 5 17 6 18 0 29 0 30 0 31 0 32 0 35 0 37 0 54 0 55 0 56 0 68
Case 99
7 3 4 4 5 5 6 6 9 9 11 11 7 15 4 16 5 17 6 18 0 29 0 30 0 31 0 32 0 35 0 37 0 53 0 54 0 55 0 56
Case 100
7 3 4 4 5 5 6 6 9 9 11 11 7 15 4 16 5 17 6 18 0 29 0 30 0 31 0 32 0 35 0 37 0 54 0 55 0 56 0 61
Case 101
7 3 4 4 5 5 6 6 9 9 11 11 7 15 4 16 5 17 6 18 0 29 0 30 0 31 0 32 0 35 0 37 0 54 0 55 0 56 0 69
Case 102
7 3 4 4 5 5 6 6 9 9 11 11 4 16 5 17 6 18 7 19 0 29 0 30 0 31 0 32 0 35 0 37 0 54 0 55 0 56 0 57
Case 103
7 3 4 4 5 5 6 6 9 9 11 11 4 16 5 17 6 18 7 19 0 29 0 30 0 31 0 32 0 35 0 37 0 54 0 55 0 56 0 65
Case 104
7 3 4 4 5 5 6 6 9 9 11 11 4 16 5 17 6 18 7 19 0 29 0 30 0 31 0 32 0 35 0 37 0 54 0 55 0 56 0 73
Case 105
7 3 4 4 5 5 6 6 9 9 11 11 7 12 4 16 5 17 6 18 0 30 0 31 0 32 0 35 0 37 0 41 0 50 0 54 0 55 0 56
Case 106
7 3 4 4 5 5 6 6 9 9 11 11 7 12 4 16 5 17 6 18 0 30 0 31 0 32 0 35 0 37 0 41 0 54 0 55 0 56 0 58
Case 107
7 3 4 4 5 5 6 6 9 9 11 11 7 12 4 16 5 17 6 18 0 30 0 31 0 32 0 35 0 37 0 41 0 54 0 55 0 56 0 66
Case 108
7 3 4 4 5 5 6 6 9 9 11 11 7 13 4 16 5 17 6 18 0 30 0 31 0 32 0 35 0 37 0 41 0 51 0 54 0 55 0 56
Case 109
7 3 4 4 5 5 6 6 9 9 11 11 7 13 4 16 5 17 6 18 0 30 0 31 0 32 0 35 0 37 0 41 0 54 0 55 0 56 0 59
Case 110
7 3 4 4 5 5 6 6 9 9 11 11 7 13 4 16 5 17 6 18 0 30 0 31 0 32 0 35 0 37 0 41 0 54 0 55 0 56 0 67
Case 111
7 3 4 4 5 5 6 6 9 9 11 11 7 14 4 16 5 17 6 18 0 30 0 31 0 32 0 35 0 37 0 41 0 52 0 54 0 55 0 56
Case 112
7 3 4 4 5 5 6 6 9 9 11 11 7 14 4 16 5 17 6 18 0 30 0 31 0 32 0 35 0 37 0 41 0 54 0 55 0 56 0 60
Case 113
7 3 4 4 5 5 6 6 9 9 11 11 7 14 4 16 5 17 6 18 0 30 0 31 0 32 0 35 0 37 0 41 0 54 0 55 0 56 0 68
Case 114
7 3 4 4 5 5 6 6 9 9 11 11 7 15 4 16 5 17 6 18 0 30 0 31 0 32 0 35 0 37 0 41 0 53 0 54 0 55 0 56
Case 115
7 3 4 4 5 5 6 6 9 9 11 11 7 15 4 16 5 17 6 18 0 30 0 31 0 32 0 35 0 37 0 41 0 54 0 55 0 56 0 61
Case 116
7 3 4 4 5 5 6 6 9 9 11 11 7 15 4 16 5 17 6 18 0 30 0 31 0 32 0 35 0 37 0 41 0 54 0 55 0 56 0 69
Case 117
7 3 4 4 5 5 6 6 9 9 11 11 4 16 5 17 6 18 7 19 0 30 0 31 0 32 0 35 0 37 0 41 0 54 0 55 0 56 0 57
Case 118
7 3 4 4 5 5 6 6 9 9 11 11 4 16 5 17 6 18 7 19 0 30 0 31 0 32 0 35 0 37 0 41 0 54 0 55 0 56 0 65
Case 119
7 3 4 4 5 5 6 6 9 9 11 11 4 16 5 17 6 18 7 19 0 30 0 31 0 32 0 35 0 37 0 41 0 54 0 55 0 56 0 73
Case 120
4 4 5 5 6 6 7 7 9 9 11 11 7 12 4 16 5 17 6 18 0 30 0 31 0 32 0 33 0 35 0 37 0 50 0 54 0 55 0 56
Case 121
4 4 5 5 6 6 7 7 9 9 11 11 7 12 4 16 5 17 6 18 0 30 0 31 0 32 0 33 0 35 0 37 0 54 0 55 0 56 0 58
Case 122
4 4 5 5 6 6 7 7 9 9 11 11 7 12 4 16 5 17 6 18 0 30 0 31 0 32 0 33 0 35 0 37 0 54 0 55 0 56 0 66
Case 123
4 4 5 5 6 6 7 7 9 9 11 11 7 13 4 16 5 17 6 18 0 30 0 31 0 32 0 33 0 35 0 37 0 51 0 54 0 55 0 56
Case 124
4 4 5 5 6 6 7 7 9 9 11 11 7 13 4 16 5 17 6 18 0 30 0 31 0 32 0 33 0 35 0 37 0 54 0 55 0 56 0 59
Case 125
4 4 5 5 6 6 7 7 9 9 11 11 7 13 4 16 5 17 6 18 0 30 0 31 0 32 0 33 0 35 0 37 0 54 0 55 0 56 0 67
Case 126
4 4 5 5 6 6 7 7 9 9 11 11 7 14 4 16 5 17 6 18 0 30 0 31 0 32 0 33 0 35 0 37 0 52 0 54 0 55 0 56
Case 127
4 4 5 5 6 6 7 7 9 9 11 11 7 14 4 16 5 17 6 18 0 30 0 31 0 32 0 33 0 35 0 37 0 54 0 55 0 56 0 60
Case 128
4 4 5 5 6 6 7 7 9 9 11 11 7 14 4 16 5 17 6 18 0 30 0 31 0 32 0 33 0 35 0 37 0 54 0 55 0 56 0 68
Case 129
4 4 5 5 6 6 7 7 9 9 11 11 7 15 4 16 5 17 6 18 0 30 0 31 0 32 0 33 0 35 0 37 0 53 0 54 0 55 0 56
Case 130
4 4 5 5 6 6 7 7 9 9 11 11 7 15 4 16 5 17 6 18 0 30 0 31 0 32 0 33 0 35 0 37 0 54 0 55 0 56 0 61
Case 131
4 4 5 5 6 6 7 7 9 9 11 11 7 15 4 16 5 17 6 18 0 30 0 31 0 32 0 33 0 35 0 37 0 54 0 55 0 56 0 69
Case 132
4 4 5 5 6 6 7 7 9 9 11 11 4 16 5 17 6 18 7 19 0 30 0 31 0 32 0 33 0 35 0 37 0 54 0 55 0 56 0 57
Case 133
4 4 5 5 6 6 7 7 9 9 11 11 4 16 5 17 6 18 7 19 0 30 0 31 0 32 0 33 0 35 0 37 0 54 0 55 0 56 0 65
Case 134
4 4 5 5 6 6 7 7 9 9 11 11 4 16 5 17 6 18 7 19 0 30 0 31 0 32 0 33 0 35 0 37 0 54 0 55 0 56 0 73
Case 135
4 4 5 5 6 6 7 7 9 9 11 11 7 12 4 16 5 17 6 18 0 30 0 31 0 32 0 35 0 37 0 45 0 50 0 54 0 55 0 56
Case 136
4 4 5 5 6 6 7 7 9 9 11 11 7 12 4 16 5 17 6 18 0 30 0 31 0 32 0 35 0 37 0 45 0 54 0 55 0 56 0 58
Case 137
4 4 5 5 6 6 7 7 9 9 11 11 7 12 4 16 5 17 6 18 0 30 0 31 0 32 0 35 0 37 0 45 0 54 0 55 0 56 0 66
Case 138
4 4 5 5 6 6 7 7 9 9 11 11 7 13 4 16 5 17 6 18 0 30 0 31 0 32 0 35 0 37 0 45 0 51 0 54 0 55 0 56
Case 139
4 4 5 5 6 6 7 7 9 9 11 11 7 13 4 16 5 17 6 18 0 30 0 31 0 32 0 35 0 37 0 45 0 54 0 55 0 56 0 59
Case 140
4 4 5 5 6 6 7 7 9 9 11 11 7 13 4 16 5 17 6 18 0 30 0 31 0 32 0 35 0 37 0 45 0 54 0 55 0 56 0 67
Case 141
4 4 5 5 6 6 7 7 9 9 11 11 7 14 4 16 5 17 6 18 0 30 0 31 0 32 0 35 0 37 0 45 0 52 0 54 0 55 0 56
Case 142
4 4 5 5 6 6 7 7 9 9 11 11 7 14 4 16 5 17 6 18 0 30 0 31 0 32 0 35 0 37 0 45 0 54 0 55 0 56 0 60
Case 143
4 4 5 5 6 6 7 7 9 9 11 11 7 14 4 16 5 17 6 18 0 30 0 31 0 32 0 35 0 37 0 45 0 54 0 55 0 56 0 68
Case 144
4 4 5 5 6 6 7 7 9 9 11 11 7 15 4 16 5 17 6 18 0 30 0 31 0 32 0 35 0 37 0 45 0 53 0 54 0 55 0 56
Case 145
4 4 5 5 6 6 7 7 9 9 11 11 7 15 4 16 5 17 6 18 0 30 0 31 0 32 0 35 0 37 0 45 0 54 0 55 0 56 0 61
Case 146
4 4 5 5 6 6 7 7 9 9 11 11 7 15 4 16 5 17 6 18 0 30 0 31 0 32 0 35 0 37 0 45 0 54 0 55 0 56 0 69
Case 147
4 4 5 5 6 6 7 7 9 9 11 11 4 16 5 17 6 18 7 19 0 30 0 31 0 32 0 35 0 37 0 45 0 54 0 55 0 56 0 57
Case 148
4 4 5 5 6 6 7 7 9 9 11 11 4 16 5 17 6 18 7 19 0 30 0 31 0 32 0 35 0 37 0 45 0 54 0 55 0 56 0 65
Case 149
4 4 5 5 6 6 7 7 9 9 11 11 4 16 5 17 6 18 7 19 0 30 0 31 0 32 0 35 0 37 0 45 0 54 0 55 0 56 0 73
Case 150
4 4 5 5 6 6 7 8 9 9 11 11 7 12 4 16 5 17 6 18 0 30 0 31 0 32 0 34 0 35 0 37 0 50 0 54 0 55 0 56
Case 151
4 4 5 5 6 6 7 8 9 9 11 11 7 12 4 16 5 17 6 18 0 30 0 31 0 32 0 34 0 35 0 37 0 54 0 55 0 56 0 58
Case 152
4 4 5 5 6 6 7 8 9 9 11 11 7 12 4 16 5 17 6 18 0 30 0 31 0 32 0 34 0 35 0 37 0 54 0 55 0 56 0 66
Case 153
4 4 5 5 6 6 7 8 9 9 11 11 7 13 4 16 5 17 6 18 0 30 0 31 0 32 0 34 0 35 0 37 0 51 0 54 0 55 0 56
Case 154
4 4 5 5 6 6 7 8 9 9 11 11 7 13 4 16 5 17 6 18 0 30 0 31 0 32 0 34 0 35 0 37 0 54 0 55 0 56 0 59
Case 155
4 4 5 5 6 6 7 8 9 9 11 11 7 13 4 16 5 17 6 18 0 30 0 31 0 32 0 34 0 35 0 37 0 54 0 55 0 56 0 67
Case 156
4 4 5 5 6 6 7 8 9 9 11 11 7 14 4 16 5 17 6 18 0 30 0 31 0 32 0 34 0 35 0 37 0 52 0 54 0 55 0 56
Case 157
4 4 5 5 6 6 7 8 9 9 11 11 7 14 4 16 5 17 6 18 0 30 0 31 0 32 0 34 0 35 0 37 0 54 0 55 0 56 0 60
Case 158
4 4 5 5 6 6 7 8 9 9 11 11 7 14 4 16 5 17 6 18 0 30 0 31 0 32 0 34 0 35 0 37 0 54 0 55 0 56 0 68
Case 159
4 4 5 5 6 6 7 8 9 9 11 11 7 15 4 16 5 17 6 18 0 30 0 31 0 32 0 34 0 35 0 37 0 53 0 54 0 55 0 56
Case 160
4 4 5 5 6 6 7 8 9 9 11 11 7 15 4 16 5 17 6 18 0 30 0 31 0 32 0 34 0 35 0 37 0 54 0 55 0 56 0 61
Case 161
4 4 5 5 6 6 7 8 9 9 11 11 7 15 4 16 5 17 6 18 0 30 0 31 0 32 0 34 0 35 0 37 0 54 0 55 0 56 0 69
Case 162
4 4 5 5 6 6 7 8 9 9 11 11 4 16 5 17 6 18 7 19 0 30 0 31 0 32 0 34 0 35 0 37 0 54 0 55 0 56 0 57
Case 163
4 4 5 5 6 6 7 8 9 9 11 11 4 16 5 17 6 18 7 19 0 30 0 31 0 32 0 34 0 35 0 37 0 54 0 55 0 56 0 65
Case 164
4 4 5 5 6 6 7 8 9 9 11 11 4 16 5 17 6 18 7 19 0 30 0 31 0 32 0 34 0 35 0 37 0 54 0 55 0 56 0 73
Case 165
4 4 5 5 6 6 7 8 9 9 11 11 7 12 4 16 5 17 6 18 0 30 0 31 0 32 0 35 0 37 0 46 0 50 0 54 0 55 0 56
Case 166
4 4 5 5 6 6 7 8 9 9 11 11 7 12 4 16 5 17 6 18 0 30 0 31 0 32 0 35 0 37 0 46 0 54 0 55 0 56 0 58
Case 167
4 4 5 5 6 6 7 8 9 9 11 11 7 12 4 16 5 17 6 18 0 30 0 31 0 32 0 35 0 37 0 46 0 54 0 55 0 56 0 66
Case 168
4 4 5 5 6 6 7 8 9 9 11 11 7 13 4 16 5 17 6 18 0 30 0 31 0 32 0 35 0 37 0 46 0 51 0 54 0 55 0 56
Case 169
4 4 5 5 6 6 7 8 9 9 11 11 7 13 4 16 5 17 6 18 0 30 0 31 0 32 0 35 0 37 0 46 0 54 0 55 0 56 0 59
Case 170
4 4 5 5 6 6 7 8 9 9 11 11 7 13 4 16 5 17 6 18 0 30 0 31 0 32 0 35 0 37 0 46 0 54 0 55 0 56 0 67
Case 171
4 4 5 5 6 6 7 8 9 9 11 11 7 14 4 16 5 17 6 18 0 30 0 31 0 32 0 35 0 37 0 46 0 52 0 54 0 55 0 56
Case 172
4 4 5 5 6 6 7 8 9 9 11 11 7 14 4 16 5 17 6 18 0 30 0 31 0 32 0 35 0 37 0 46 0 54 0 55 0 56 0 60
Case 173
4 4 5 5 6 6 7 8 9 9 11 11 7 14 4 16 5 17 6 18 0 30 0 31 0 32 0 35 0 37 0 46 0 54 0 55 0 56 0 68
Case 174
4 4 5 5 6 6 7 8 9 9 11 11 7 15 4 16 5 17 6 18 0 30 0 31 0 32 0 35 0 37 0 46 0 53 0 54 0 55 0 56
Case 175
4 4 5 5 6 6 7 8 9 9 11 11 7 15 4 16 5 17 6 18 0 30 0 31 0 32 0 35 0 37 0 46 0 54 0 55 0 56 0 61
Case 176
4 4 5 5 6 6 7 8 9 9 11 11 7 15 4 16 5 17 6 18 0 30 0 31 0 32 0 35 0 37 0 46 0 54 0 55 0 56 0 69
Case 177
4 4 5 5 6 6 7 8 9 9 11 11 4 16 5 17 6 18 7 19 0 30 0 31 0 32 0 35 0 37 0 46 0 54 0 55 0 56 0 57
Case 178
4 4 5 5 6 6 7 8 9 9 11 11 4 16 5 17 6 18 7 19 0 30 0 31 0 32 0 35 0 37 0 46 0 54 0 55 0 56 0 65
Case 179
4 4 5 5 6 6 7 8 9 9 11 11 4 16 5 17 6 18 7 19 0 30 0 31 0 32 0 35 0 37 0 46 0 54 0 55 0 56 0 73
Case 180
4 4 5 5 6 6 9 9 7 10 11 11 7 12 4 16 5 17 6 18 0 30 0 31 0 32 0 35 0 36 0 37 0 50 0 54 0 55 0 56
Case 181
4 4 5 5 6 6 9 9 7 10 11 11 7 12 4 16 5 17 6 18 0 30 0 31 0 32 0 35 0 36 0 37 0 54 0 55 0 56 0 58
Case 182
4 4 5 5 6 6 9 9 7 10 11 11 7 12 4 16 5 17 6 18 0 30 0 31 0 32 0 35 0 36 0 37 0 54 0 55 0 56 0 66
Case 183
4 4 5 5 6 6 9 9 7 10 11 11 7 13 4 16 5 17 6 18 0 30 0 31 0 32 0 35 0 36 0 37 0 51 0 54 0 55 0 56
Case 184
4 4 5 5 6 6 9 9 7 10 11 11 7 13 4 16 5 17 6 18 0 30 0 31 0 32 0 35 0 36 0 37 0 54 0 55 0 56 0 59
Case 185
4 4 5 5 6 6 9 9 7 10 11 11 7 13 4 16 5 17 6 18 0 30 0 31 0 32 0 35 0 36 0 37 0 54 0 55 0 56 0 67
Case 186
4 4 5 5 6 6 9 9 7 10 11 11 7 14 4 16 5 17 6 18 0 30 0 31 0 32 0 35 0 36 0 37 0 52 0 54 0 55 0 56
Case 187
4 4 5 5 6 6 9 9 7 10 11 11 7 14 4 16 5 17 6 18 0 30 0 31 0 32 0 35 0 36 0 37 0 54 0 55 0 56 0 60
Case 188
4 4 5 5 6 6 9 9 7 10 11 11 7 14 4 16 5 17 6 18 0 30 0 31 0 32 0 35 0 36 0 37 0 54 0 55 0 56 0 68
Case 189
4 4 5 5 6 6 9 9 7 10 11 11 7 15 4 16 5 17 6 18 0 30 0 31 0 32 0 35 0 36 0 37 0 53 0 54 0 55 0 56
Case 190
4 4 5 5 6 6 9 9 7 10 11 11 7 15 4 16 5 17 6 18 0 30 0 31 0 32 0 35 0 36 0 37 0 54 0 55 0 56 0 61
Case 191
4 4 5 5 6 6 9 9 7 10 11 11 7 15 4 16 5 17 6 18 0 30 0 31 0 32 0 35 0 36 0 37 0 54 0 55 0 56 0 69
Case 192
4 4 5 5 6 6 9 9 7 10 11 11 4 16 5 17 6 18 7 19 0 30 0 31 0 32 0 35 0 36 0 37 0 54 0 55 0 56 0 57
Case 193
4 4 5 5 6 6 9 9 7 10 11 11 4 16 5 17 6 18 7 19 0 30 0 31 0 32 0 35 0 36 0 37 0 54 0 55 0 56 0 65
Case 194
4 4 5 5 6 6 9 9 7 10 11 11 4 16 5 17 6 18 7 19 0 30 0 31 0 32 0 35 0 36 0 37 0 54 0 55 0 56 0 73
Case 195
4 4 5 5 6 6 9 9 7 10 11 11 7 12 4 16 5 17 6 18 0 30 0 31 0 32 0 35 0 37 0 48 0 50 0 54 0 55 0 56
Case 196
4 4 5 5 6 6 9 9 7 10 11 11 7 12 4 16 5 17 6 18 0 30 0 31 0 32 0 35 0 37 0 48 0 54 0 55 0 56 0 58
Case 197
4 4 5 5 6 6 9 9 7 10 11 11 7 12 4 16 5 17 6 18 0 30 0 31 0 32 0 35 0 37 0 48 0 54 0 55 0 56 0 66
Case 198
4 4 5 5 6 6 9 9 7 10 11 11 7 13 4 16 5 17 6 18 0 30 0 31 0 32 0 35 0 37 0 48 0 51 0 54 0 55 0 56
Case 199
4 4 5 5 6 6 9 9 7 10 11 11 7 13 4 16 5 17 6 18 0 30 0 31 0 32 0 35 0 37 0 48 0 54 0 55 0 56 0 59
Case 200
4 4 5 5 6 6 9 9 7 10 11 11 7 13 4 16 5 17 6 18 0 30 0 31 0 32 0 35 0 37 0 48 0 54 0 55 0 56 0 67
Case 201
4 4 5 5 6 6 9 9 7 10 11 11 7 14 4 16 5 17 6 18 0 30 0 31 0 32 0 35 0 37 0 48 0 52 0 54 0 55 0 56
Case 202
4 4 5 5 6 6 9 9 7 10 11 11 7 14 4 16 5 17 6 18 0 30 0 31 0 32 0 35 0 37 0 48 0 54 0 55 0 56 0 60
Case 203
4 4 5 5 6 6 9 9 7 10 11 11 7 14 4 16 5 17 6 18 0 30 0 31 0 32 0 35 0 37 0 48 0 54 0 55 0 56 0 68
Case 204
4 4 5 5 6 6 9 9 7 10 11 11 7 15 4 16 5 17 6 18 0 30 0 31 0 32 0 35 0 37 0 48 0 53 0 54 0 55 0 56
Case 205
4 4 5 5 6 6 9 9 7 10 11 11 7 15 4 16 5 17 6 18 0 30 0 31 0 32 0 35 0 37 0 48 0 54 0 55 0 56 0 61
Case 206
4 4 5 5 6 6 9 9 7 10 11 11 7 15 4 16 5 17 6 18 0 30 0 31 0 32 0 35 0 37 0 48 0 54 0 55 0 56 0 69
Case 207
4 4 5 5 6 6 9 9 7 10 11 11 4 16 5 17 6 18 7 19 0 30 0 31 0 32 0 35 0 37 0 48 0 54 0 55 0 56 0 57
Case 208
4 4 5 5 6 6 9 9 7 10 11 11 4 16 5 17 6 18 7 19 0 30 0 31 0 32 0 35 0 37 0 48 0 54 0 55 0 56 0 65
Case 209
4 4 5 5 6 6 9 9 7 10 11 11 4 16 5 17 6 18 7 19 0 30 0 31 0 32 0 35 0 37 0 48 0 54 0 55 0 56 0 73
