Case 0
4 4 5 5 6 6 7 7 9 9 11 11 0 12 1 13 2 14 3 15 4 16 5 17 6 18 7 19 0 20 1 21 2 22 3 23 4 24 5 25 0 30 0 31 0 32 0 33 0 35 0 37 0 38 0 39 0 40 0 41 0 46 0 48 0 50 0 51 0 52 0 53 0 54 0 55 0 56 0 57
Case 1
4 4 5 5 6 6 7 7 9 9 11 11 0 12 1 13 2 14 3 15 4 16 5 17 6 18 7 19 1 20 0 21 3 22 2 23 4 24 5 25 0 30 0 31 0 32 0 33 0 35 0 37 0 38 0 39 0 40 0 41 0 46 0 48 0 50 0 51 0 52 0 53 0 54 0 55 0 56 0 57
Case 2
4 4 5 5 6 6 7 7 9 9 11 11 0 12 1 13 2 14 3 15 4 16 5 17 6 18 7 19 3 20 2 21 0 22 1 23 4 24 5 25 0 30 0 31 0 32 0 33 0 35 0 37 0 38 0 39 0 40 0 41 0 46 0 48 0 50 0 51 0 52 0 53 0 54 0 55 0 56 0 57
Case 3
4 4 5 5 6 6 7 7 9 9 11 11 0 12 1 13 2 14 3 15 4 16 5 17 6 18 7 19 2 20 3 21 1 22 0 23 4 24 5 25 0 30 0 31 0 32 0 33 0 35 0 37 0 38 0 39 0 40 0 41 0 46 0 48 0 50 0 51 0 52 0 53 0 54 0 55 0 56 0 57
Case 4
4 4 5 5 6 6 7 7 9 9 11 11 0 12 1 13 2 14 3 15 4 16 5 17 6 18 7 19 0 20 1 21 2 22 3 23 4 24 5 25 0 26 0 27 0 30 0 31 0 32 0 33 0 35 0 37 0 40 0 41 0 46 0 48 0 50 0 51 0 52 0 53 0 54 0 55 0 56 0 57
Case 5
4 4 5 5 6 6 7 7 9 9 11 11 0 12 1 13 2 14 3 15 4 16 5 17 6 18 7 19 1 20 0 21 3 22 2 23 4 24 5 25 0 26 0 27 0 30 0 31 0 32 0 33 0 35 0 37 0 40 0 41 0 46 0 48 0 50 0 51 0 52 0 53 0 54 0 55 0 56 0 57
Case 6
4 4 5 5 6 6 7 7 9 9 11 11 0 12 1 13 2 14 3 15 4 16 5 17 6 18 7 19 3 20 2 21 0 22 1 23 4 24 5 25 0 26 0 27 0 30 0 31 0 32 0 33 0 35 0 37 0 40 0 41 0 46 0 48 0 50 0 51 0 52 0 53 0 54 0 55 0 56 0 57
Case 7
4 4 5 5 6 6 7 7 9 9 11 11 0 12 1 13 2 14 3 15 4 16 5 17 6 18 7 19 2 20 3 21 1 22 0 23 4 24 5 25 0 26 0 27 0 30 0 31 0 32 0 33 0 35 0 37 0 40 0 41 0 46 0 48 0 50 0 51 0 52 0 53 0 54 0 55 0 56 0 57
Case 8
4 4 5 5 6 6 7 7 9 9 11 11 0 12 1 13 2 14 3 15 4 16 5 17 6 18 7 19 0 20 1 21 2 22 3 23 4 24 5 25 0 26 0 28 0 30 0 31 0 32 0 33 0 35 0 37 0 39 0 41 0 46 0 48 0 50 0 51 0 52 0 53 0 54 0 55 0 56 0 57
Case 9
4 4 5 5 6 6 7 7 9 9 11 11 0 12 1 13 2 14 3 15 4 16 5 17 6 18 7 19 1 20 0 21 3 22 2 23 4 24 5 25 0 26 0 28 0 30 0 31 0 32 0 33 0 35 0 37 0 39 0 41 0 46 0 48 0 50 0 51 0 52 0 53 0 54 0 55 0 56 0 57
Case 10
4 4 5 5 6 6 7 7 9 9 11 11 0 12 1 13 2 14 3 15 4 16 5 17 6 18 7 19 3 20 2 21 0 22 1 23 4 24 5 25 0 26 0 28 0 30 0 31 0 32 0 33 0 35 0 37 0 39 0 41 0 46 0 48 0 50 0 51 0 52 0 53 0 54 0 55 0 56 0 57
Case 11
4 4 5 5 6 6 7 7 9 9 11 11 0 12 1 13 2 14 3 15 4 16 5 17 6 18 7 19 2 20 3 21 1 22 0 23 4 24 5 25 0 26 0 28 0 30 0 31 0 32 0 33 0 35 0 37 0 39 0 41 0 46 0 48 0 50 0 51 0 52 0 53 0 54 0 55 0 56 0 57
Case 12
4 4 5 5 6 6 7 7 9 9 11 11 0 12 1 13 2 14 3 15 4 16 5 17 6 18 7 19 0 20 1 21 2 22 3 23 4 24 5 25 0 27 0 28 0 30 0 31 0 32 0 33 0 35 0 37 0 38 0 41 0 46 0 48 0 50 0 51 0 52 0 53 0 54 0 55 0 56 0 57
Case 13
4 4 5 5 6 6 7 7 9 9 11 11 0 12 1 13 2 14 3 15 4 16 5 17 6 18 7 19 1 20 0 21 3 22 2 23 4 24 5 25 0 27 0 28 0 30 0 31 0 32 0 33 0 35 0 37 0 38 0 41 0 46 0 48 0 50 0 51 0 52 0 53 0 54 0 55 0 56 0 57
Case 14
4 4 5 5 6 6 7 7 9 9 11 11 0 12 1 13 2 14 3 15 4 16 5 17 6 18 7 19 3 20 2 21 0 22 1 23 4 24 5 25 0 27 0 28 0 30 0 31 0 32 0 33 0 35 0 37 0 38 0 41 0 46 0 48 0 50 0 51 0 52 0 53 0 54 0 55 0 56 0 57
Case 15
4 4 5 5 6 6 7 7 9 9 11 11 0 12 1 13 2 14 3 15 4 16 5 17 6 18 7 19 2 20 3 21 1 22 0 23 4 24 5 25 0 27 0 28 0 30 0 31 0 32 0 33 0 35 0 37 0 38 0 41 0 46 0 48 0 50 0 51 0 52 0 53 0 54 0 55 0 56 0 57
Case 16
4 4 5 5 6 6 7 7 9 9 11 11 0 12 1 13 2 14 3 15 4 16 5 17 6 18 7 19 0 20 1 21 2 22 3 23 4 24 5 25 0 26 0 29 0 30 0 31 0 32 0 33 0 35 0 37 0 39 0 40 0 46 0 48 0 50 0 51 0 52 0 53 0 54 0 55 0 56 0 57
Case 17
4 4 5 5 6 6 7 7 9 9 11 11 0 12 1 13 2 14 3 15 4 16 5 17 6 18 7 19 1 20 0 21 3 22 2 23 4 24 5 25 0 26 0 29 0 30 0 31 0 32 0 33 0 35 0 37 0 39 0 40 0 46 0 48 0 50 0 51 0 52 0 53 0 54 0 55 0 56 0 57
Case 18
4 4 5 5 6 6 7 7 9 9 11 11 0 12 1 13 2 14 3 15 4 16 5 17 6 18 7 19 3 20 2 21 0 22 1 23 4 24 5 25 0 26 0 29 0 30 0 31 0 32 0 33 0 35 0 37 0 39 0 40 0 46 0 48 0 50 0 51 0 52 0 53 0 54 0 55 0 56 0 57
Case 19
4 4 5 5 6 6 7 7 9 9 11 11 0 12 1 13 2 14 3 15 4 16 5 17 6 18 7 19 2 20 3 21 1 22 0 23 4 24 5 25 0 26 0 29 0 30 0 31 0 32 0 33 0 35 0 37 0 39 0 40 0 46 0 48 0 50 0 51 0 52 0 53 0 54 0 55 0 56 0 57
Case 20
4 4 5 5 6 6 7 7 9 9 11 11 0 12 1 13 2 14 3 15 4 16 5 17 6 18 7 19 0 20 1 21 2 22 3 23 4 24 5 25 0 27 0 29 0 30 0 31 0 32 0 33 0 35 0 37 0 38 0 40 0 46 0 48 0 50 0 51 0 52 0 53 0 54 0 55 0 56 0 57
Case 21
4 4 5 5 6 6 7 7 9 9 11 11 0 12 1 13 2 14 3 15 4 16 5 17 6 18 7 19 1 20 0 21 3 22 2 23 4 24 5 25 0 27 0 29 0 30 0 31 0 32 0 33 0 35 0 37 0 38 0 40 0 46 0 48 0 50 0 51 0 52 0 53 0 54 0 55 0 56 0 57
Case 22
4 4 5 5 6 6 7 7 9 9 11 11 0 12 1 13 2 14 3 15 4 16 5 17 6 18 7 19 3 20 2 21 0 22 1 23 4 24 5 25 0 27 0 29 0 30 0 31 0 32 0 33 0 35 0 37 0 38 0 40 0 46 0 48 0 50 0 51 0 52 0 53 0 54 0 55 0 56 0 57
Case 23
4 4 5 5 6 6 7 7 9 9 11 11 0 12 1 13 2 14 3 15 4 16 5 17 6 18 7 19 2 20 3 21 1 22 0 23 4 24 5 25 0 27 0 29 0 30 0 31 0 32 0 33 0 35 0 37 0 38 0 40 0 46 0 48 0 50 0 51 0 52 0 53 0 54 0 55 0 56 0 57
Case 24
4 4 5 5 6 6 7 7 9 9 11 11 0 12 1 13 2 14 3 15 4 16 5 17 6 18 7 19 0 20 1 21 2 22 3 23 4 24 5 25 0 28 0 29 0 30 0 31 0 32 0 33 0 35 0 37 0 38 0 39 0 46 0 48 0 50 0 51 0 52 0 53 0 54 0 55 0 56 0 57
Case 25
4 4 5 5 6 6 7 7 9 9 11 11 0 12 1 13 2 14 3 15 4 16 5 17 6 18 7 19 1 20 0 21 3 22 2 23 4 24 5 25 0 28 0 29 0 30 0 31 0 32 0 33 0 35 0 37 0 38 0 39 0 46 0 48 0 50 0 51 0 52 0 53 0 54 0 55 0 56 0 57
Case 26
4 4 5 5 6 6 7 7 9 9 11 11 0 12 1 13 2 14 3 15 4 16 5 17 6 18 7 19 3 20 2 21 0 22 1 23 4 24 5 25 0 28 0 29 0 30 0 31 0 32 0 33 0 35 0 37 0 38 0 39 0 46 0 48 0 50 0 51 0 52 0 53 0 54 0 55 0 56 0 57
Case 27
4 4 5 5 6 6 7 7 9 9 11 11 0 12 1 13 2 14 3 15 4 16 5 17 6 18 7 19 2 20 3 21 1 22 0 23 4 24 5 25 0 28 0 29 0 30 0 31 0 32 0 33 0 35 0 37 0 38 0 39 0 46 0 48 0 50 0 51 0 52 0 53 0 54 0 55 0 56 0 57
Case 28
4 4 5 5 6 6 7 7 9 9 11 11 0 12 1 13 2 14 3 15 4 16 5 17 6 18 7 19 0 20 1 21 2 22 3 23 4 24 5 25 0 26 0 27 0 28 0 29 0 30 0 31 0 32 0 33 0 35 0 37 0 46 0 48 0 50 0 51 0 52 0 53 0 54 0 55 0 56 0 57
Case 29
4 4 5 5 6 6 7 7 9 9 11 11 0 12 1 13 2 14 3 15 4 16 5 17 6 18 7 19 1 20 0 21 3 22 2 23 4 24 5 25 0 26 0 27 0 28 0 29 0 30 0 31 0 32 0 33 0 35 0 37 0 46 0 48 0 50 0 51 0 52 0 53 0 54 0 55 0 56 0 57
Case 30
4 4 5 5 6 6 7 7 9 9 11 11 0 12 1 13 2 14 3 15 4 16 5 17 6 18 7 19 3 20 2 21 0 22 1 23 4 24 5 25 0 26 0 27 0 28 0 29 0 30 0 31 0 32 0 33 0 35 0 37 0 46 0 48 0 50 0 51 0 52 0 53 0 54 0 55 0 56 0 57
Case 31
4 4 5 5 6 6 7 7 9 9 11 11 0 12 1 13 2 14 3 15 4 16 5 17 6 18 7 19 2 20 3 21 1 22 0 23 4 24 5 25 0 26 0 27 0 28 0 29 0 30 0 31 0 32 0 33 0 35 0 37 0 46 0 48 0 50 0 51 0 52 0 53 0 54 0 55 0 56 0 57
Case 32
4 4 5 5 6 6 7 7 9 9 11 11 0 12 1 13 2 14 3 15 4 16 5 17 6 18 7 19 0 20 1 21 2 22 3 23 4 24 5 25 0 26 0 30 0 31 0 32 0 33 0 34 0 35 0 37 0 39 0 40 0 41 0 48 0 50 0 51 0 52 0 53 0 54 0 55 0 56 0 57
Case 33
4 4 5 5 6 6 7 7 9 9 11 11 0 12 1 13 2 14 3 15 4 16 5 17 6 18 7 19 1 20 0 21 3 22 2 23 4 24 5 25 0 26 0 30 0 31 0 32 0 33 0 34 0 35 0 37 0 39 0 40 0 41 0 48 0 50 0 51 0 52 0 53 0 54 0 55 0 56 0 57
Case 34
4 4 5 5 6 6 7 7 9 9 11 11 0 12 1 13 2 14 3 15 4 16 5 17 6 18 7 19 3 20 2 21 0 22 1 23 4 24 5 25 0 26 0 30 0 31 0 32 0 33 0 34 0 35 0 37 0 39 0 40 0 41 0 48 0 50 0 51 0 52 0 53 0 54 0 55 0 56 0 57
Case 35
4 4 5 5 6 6 7 7 9 9 11 11 0 12 1 13 2 14 3 15 4 16 5 17 6 18 7 19 2 20 3 21 1 22 0 23 4 24 5 25 0 26 0 30 0 31 0 32 0 33 0 34 0 35 0 37 0 39 0 40 0 41 0 48 0 50 0 51 0 52 0 53 0 54 0 55 0 56 0 57
Case 36
4 4 5 5 6 6 7 7 9 9 11 11 0 12 1 13 2 14 3 15 4 16 5 17 6 18 7 19 0 20 1 21 2 22 3 23 4 24 5 25 0 27 0 30 0 31 0 32 0 33 0 34 0 35 0 37 0 38 0 40 0 41 0 48 0 50 0 51 0 52 0 53 0 54 0 55 0 56 0 57
Case 37
4 4 5 5 6 6 7 7 9 9 11 11 0 12 1 13 2 14 3 15 4 16 5 17 6 18 7 19 1 20 0 21 3 22 2 23 4 24 5 25 0 27 0 30 0 31 0 32 0 33 0 34 0 35 0 37 0 38 0 40 0 41 0 48 0 50 0 51 0 52 0 53 0 54 0 55 0 56 0 57
Case 38
4 4 5 5 6 6 7 7 9 9 11 11 0 12 1 13 2 14 3 15 4 16 5 17 6 18 7 19 3 20 2 21 0 22 1 23 4 24 5 25 0 27 0 30 0 31 0 32 0 33 0 34 0 35 0 37 0 38 0 40 0 41 0 48 0 50 0 51 0 52 0 53 0 54 0 55 0 56 0 57
Case 39
4 4 5 5 6 6 7 7 9 9 11 11 0 12 1 13 2 14 3 15 4 16 5 17 6 18 7 19 2 20 3 21 1 22 0 23 4 24 5 25 0 27 0 30 0 31 0 32 0 33 0 34 0 35 0 37 0 38 0 40 0 41 0 48 0 50 0 51 0 52 0 53 0 54 0 55 0 56 0 57
Case 40
4 4 5 5 6 6 7 7 9 9 11 11 0 12 1 13 2 14 3 15 4 16 5 17 6 18 7 19 0 20 1 21 2 22 3 23 4 24 5 25 0 28 0 30 0 31 0 32 0 33 0 34 0 35 0 37 0 38 0 39 0 41 0 48 0 50 0 51 0 52 0 53 0 54 0 55 0 56 0 57
Case 41
4 4 5 5 6 6 7 7 9 9 11 11 0 12 1 13 2 14 3 15 4 16 5 17 6 18 7 19 1 20 0 21 3 22 2 23 4 24 5 25 0 28 0 30 0 31 0 32 0 33 0 34 0 35 0 37 0 38 0 39 0 41 0 48 0 50 0 51 0 52 0 53 0 54 0 55 0 56 0 57
Case 42
4 4 5 5 6 6 7 7 9 9 11 11 0 12 1 13 2 14 3 15 4 16 5 17 6 18 7 19 3 20 2 21 0 22 1 23 4 24 5 25 0 28 0 30 0 31 0 32 0 33 0 34 0 35 0 37 0 38 0 39 0 41 0 48 0 50 0 51 0 52 0 53 0 54 0 55 0 56 0 57
Case 43
4 4 5 5 6 6 7 7 9 9 11 11 0 12 1 13 2 14 3 15 4 16 5 17 6 18 7 19 2 20 3 21 1 22 0 23 4 24 5 25 0 28 0 30 0 31 0 32 0 33 0 34 0 35 0 37 0 38 0 39 0 41 0 48 0 50 0 51 0 52 0 53 0 54 0 55 0 56 0 57
Case 44
4 4 5 5 6 6 7 7 9 9 11 11 0 12 1 13 2 14 3 15 4 16 5 17 6 18 7 19 0 20 1 21 2 22 3 23 4 24 5 25 0 26 0 27 0 28 0 30 0 31 0 32 0 33 0 34 0 35 0 37 0 41 0 48 0 50 0 51 0 52 0 53 0 54 0 55 0 56 0 57
Case 45
4 4 5 5 6 6 7 7 9 9 11 11 0 12 1 13 2 14 3 15 4 16 5 17 6 18 7 19 1 20 0 21 3 22 2 23 4 24 5 25 0 26 0 27 0 28 0 30 0 31 0 32 0 33 0 34 0 35 0 37 0 41 0 48 0 50 0 51 0 52 0 53 0 54 0 55 0 56 0 57
Case 46
4 4 5 5 6 6 7 7 9 9 11 11 0 12 1 13 2 14 3 15 4 16 5 17 6 18 7 19 3 20 2 21 0 22 1 23 4 24 5 25 0 26 0 27 0 28 0 30 0 31 0 32 0 33 0 34 0 35 0 37 0 41 0 48 0 50 0 51 0 52 0 53 0 54 0 55 0 56 0 57
Case 47
4 4 5 5 6 6 7 7 9 9 11 11 0 12 1 13 2 14 3 15 4 16 5 17 6 18 7 19 2 20 3 21 1 22 0 23 4 24 5 25 0 26 0 27 0 28 0 30 0 31 0 32 0 33 0 34 0 35 0 37 0 41 0 48 0 50 0 51 0 52 0 53 0 54 0 55 0 56 0 57
Case 48
4 4 5 5 6 6 7 7 9 9 11 11 0 12 1 13 2 14 3 15 4 16 5 17 6 18 7 19 0 20 1 21 2 22 3 23 4 24 5 25 0 29 0 30 0 31 0 32 0 33 0 34 0 35 0 37 0 38 0 39 0 40 0 48 0 50 0 51 0 52 0 53 0 54 0 55 0 56 0 57
Case 49
4 4 5 5 6 6 7 7 9 9 11 11 0 12 1 13 2 14 3 15 4 16 5 17 6 18 7 19 1 20 0 21 3 22 2 23 4 24 5 25 0 29 0 30 0 31 0 32 0 33 0 34 0 35 0 37 0 38 0 39 0 40 0 48 0 50 0 51 0 52 0 53 0 54 0 55 0 56 0 57
Case 50
4 4 5 5 6 6 7 7 9 9 11 11 0 12 1 13 2 14 3 15 4 16 5 17 6 18 7 19 3 20 2 21 0 22 1 23 4 24 5 25 0 29 0 30 0 31 0 32 0 33 0 34 0 35 0 37 0 38 0 39 0 40 0 48 0 50 0 51 0 52 0 53 0 54 0 55 0 56 0 57
Case 51
4 4 5 5 6 6 7 7 9 9 11 11 0 12 1 13 2 14 3 15 4 16 5 17 6 18 7 19 2 20 3 21 1 22 0 23 4 24 5 25 0 29 0 30 0 31 0 32 0 33 0 34 0 35 0 37 0 38 0 39 0 40 0 48 0 50 0 51 0 52 0 53 0 54 0 55 0 56 0 57
Case 52
4 4 5 5 6 6 7 7 9 9 11 11 0 12 1 13 2 14 3 15 4 16 5 17 6 18 7 19 0 20 1 21 2 22 3 23 4 24 5 25 0 26 0 27 0 29 0 30 0 31 0 32 0 33 0 34 0 35 0 37 0 40 0 48 0 50 0 51 0 52 0 53 0 54 0 55 0 56 0 57
Case 53
4 4 5 5 6 6 7 7 9 9 11 11 0 12 1 13 2 14 3 15 4 16 5 17 6 18 7 19 1 20 0 21 3 22 2 23 4 24 5 25 0 26 0 27 0 29 0 30 0 31 0 32 0 33 0 34 0 35 0 37 0 40 0 48 0 50 0 51 0 52 0 53 0 54 0 55 0 56 0 57
Case 54
4 4 5 5 6 6 7 7 9 9 11 11 0 12 1 13 2 14 3 15 4 16 5 17 6 18 7 19 3 20 2 21 0 22 1 23 4 24 5 25 0 26 0 27 0 29 0 30 0 31 0 32 0 33 0 34 0 35 0 37 0 40 0 48 0 50 0 51 0 52 0 53 0 54 0 55 0 56 0 57
Case 55
4 4 5 5 6 6 7 7 9 9 11 11 0 12 1 13 2 14 3 15 4 16 5 17 6 18 7 19 2 20 3 21 1 22 0 23 4 24 5 25 0 26 0 27 0 29 0 30 0 31 0 32 0 33 0 34 0 35 0 37 0 40 0 48 0 50 0 51 0 52 0 53 0 54 0 55 0 56 0 57
Case 56
4 4 5 5 6 6 7 7 9 9 11 11 0 12 1 13 2 14 3 15 4 16 5 17 6 18 7 19 0 20 1 21 2 22 3 23 4 24 5 25 0 26 0 28 0 29 0 30 0 31 0 32 0 33 0 34 0 35 0 37 0 39 0 48 0 50 0 51 0 52 0 53 0 54 0 55 0 56 0 57
Case 57
4 4 5 5 6 6 7 7 9 9 11 11 0 12 1 13 2 14 3 15 4 16 5 17 6 18 7 19 1 20 0 21 3 22 2 23 4 24 5 25 0 26 0 28 0 29 0 30 0 31 0 32 0 33 0 34 0 35 0 37 0 39 0 48 0 50 0 51 0 52 0 53 0 54 0 55 0 56 0 57
Case 58
4 4 5 5 6 6 7 7 9 9 11 11 0 12 1 13 2 14 3 15 4 16 5 17 6 18 7 19 3 20 2 21 0 22 1 23 4 24 5 25 0 26 0 28 0 29 0 30 0 31 0 32 0 33 0 34 0 35 0 37 0 39 0 48 0 50 0 51 0 52 0 53 0 54 0 55 0 56 0 57
Case 59
4 4 5 5 6 6 7 7 9 9 11 11 0 12 1 13 2 14 3 15 4 16 5 17 6 18 7 19 2 20 3 21 1 22 0 23 4 24 5 25 0 26 0 28 0 29 0 30 0 31 0 32 0 33 0 34 0 35 0 37 0 39 0 48 0 50 0 51 0 52 0 53 0 54 0 55 0 56 0 57
Case 60
4 4 5 5 6 6 7 7 9 9 11 11 0 12 1 13 2 14 3 15 4 16 5 17 6 18 7 19 0 20 1 21 2 22 3 23 4 24 5 25 0 27 0 28 0 29 0 30 0 31 0 32 0 33 0 34 0 35 0 37 0 38 0 48 0 50 0 51 0 52 0 53 0 54 0 55 0 56 0 57
Case 61
4 4 5 5 6 6 7 7 9 9 11 11 0 12 1 13 2 14 3 15 4 16 5 17 6 18 7 19 1 20 0 21 3 22 2 23 4 24 5 25 0 27 0 28 0 29 0 30 0 31 0 32 0 33 0 34 0 35 0 37 0 38 0 48 0 50 0 51 0 52 0 53 0 54 0 55 0 56 0 57
Case 62
4 4 5 5 6 6 7 7 9 9 11 11 0 12 1 13 2 14 3 15 4 16 5 17 6 18 7 19 3 20 2 21 0 22 1 23 4 24 5 25 0 27 0 28 0 29 0 30 0 31 0 32 0 33 0 34 0 35 0 37 0 38 0 48 0 50 0 51 0 52 0 53 0 54 0 55 0 56 0 57
Case 63
4 4 5 5 6 6 7 7 9 9 11 11 0 12 1 13 2 14 3 15 4 16 5 17 6 18 7 19 2 20 3 21 1 22 0 23 4 24 5 25 0 27 0 28 0 29 0 30 0 31 0 32 0 33 0 34 0 35 0 37 0 38 0 48 0 50 0 51 0 52 0 53 0 54 0 55 0 56 0 57
Case 64
4 4 5 5 6 6 7 7 9 9 11 11 0 12 1 13 2 14 3 15 4 16 5 17 6 18 7 19 0 20 1 21 2 22 3 23 4 24 5 25 0 26 0 30 0 31 0 32 0 33 0 35 0 36 0 37 0 39 0 40 0 41 0 46 0 50 0 51 0 52 0 53 0 54 0 55 0 56 0 57
Case 65
4 4 5 5 6 6 7 7 9 9 11 11 0 12 1 13 2 14 3 15 4 16 5 17 6 18 7 19 1 20 0 21 3 22 2 23 4 24 5 25 0 26 0 30 0 31 0 32 0 33 0 35 0 36 0 37 0 39 0 40 0 41 0 46 0 50 0 51 0 52 0 53 0 54 0 55 0 56 0 57
Case 66
4 4 5 5 6 6 7 7 9 9 11 11 0 12 1 13 2 14 3 15 4 16 5 17 6 18 7 19 3 20 2 21 0 22 1 23 4 24 5 25 0 26 0 30 0 31 0 32 0 33 0 35 0 36 0 37 0 39 0 40 0 41 0 46 0 50 0 51 0 52 0 53 0 54 0 55 0 56 0 57
Case 67
4 4 5 5 6 6 7 7 9 9 11 11 0 12 1 13 2 14 3 15 4 16 5 17 6 18 7 19 2 20 3 21 1 22 0 23 4 24 5 25 0 26 0 30 0 31 0 32 0 33 0 35 0 36 0 37 0 39 0 40 0 41 0 46 0 50 0 51 0 52 0 53 0 54 0 55 0 56 0 57
Case 68
4 4 5 5 6 6 7 7 9 9 11 11 0 12 1 13 2 14 3 15 4 16 5 17 6 18 7 19 0 20 1 21 2 22 3 23 4 24 5 25 0 27 0 30 0 31 0 32 0 33 0 35 0 36 0 37 0 38 0 40 0 41 0 46 0 50 0 51 0 52 0 53 0 54 0 55 0 56 0 57
Case 69
4 4 5 5 6 6 7 7 9 9 11 11 0 12 1 13 2 14 3 15 4 16 5 17 6 18 7 19 1 20 0 21 3 22 2 23 4 24 5 25 0 27 0 30 0 31 0 32 0 33 0 35 0 36 0 37 0 38 0 40 0 41 0 46 0 50 0 51 0 52 0 53 0 54 0 55 0 56 0 57
Case 70
4 4 5 5 6 6 7 7 9 9 11 11 0 12 1 13 2 14 3 15 4 16 5 17 6 18 7 19 3 20 2 21 0 22 1 23 4 24 5 25 0 27 0 30 0 31 0 32 0 33 0 35 0 36 0 37 0 38 0 40 0 41 0 46 0 50 0 51 0 52 0 53 0 54 0 55 0 56 0 57
Case 71
4 4 5 5 6 6 7 7 9 9 11 11 0 12 1 13 2 14 3 15 4 16 5 17 6 18 7 19 2 20 3 21 1 22 0 23 4 24 5 25 0 27 0 30 0 31 0 32 0 33 0 35 0 36 0 37 0 38 0 40 0 41 0 46 0 50 0 51 0 52 0 53 0 54 0 55 0 56 0 57
Case 72
4 4 5 5 6 6 7 7 9 9 11 11 0 12 1 13 2 14 3 15 4 16 5 17 6 18 7 19 0 20 1 21 2 22 3 23 4 24 5 25 0 28 0 30 0 31 0 32 0 33 0 35 0 36 0 37 0 38 0 39 0 41 0 46 0 50 0 51 0 52 0 53 0 54 0 55 0 56 0 57
Case 73
4 4 5 5 6 6 7 7 9 9 11 11 0 12 1 13 2 14 3 15 4 16 5 17 6 18 7 19 1 20 0 21 3 22 2 23 4 24 5 25 0 28 0 30 0 31 0 32 0 33 0 35 0 36 0 37 0 38 0 39 0 41 0 46 0 50 0 51 0 52 0 53 0 54 0 55 0 56 0 57
Case 74
4 4 5 5 6 6 7 7 9 9 11 11 0 12 1 13 2 14 3 15 4 16 5 17 6 18 7 19 3 20 2 21 0 22 1 23 4 24 5 25 0 28 0 30 0 31 0 32 0 33 0 35 0 36 0 37 0 38 0 39 0 41 0 46 0 50 0 51 0 52 0 53 0 54 0 55 0 56 0 57
Case 75
4 4 5 5 6 6 7 7 9 9 11 11 0 12 1 13 2 14 3 15 4 16 5 17 6 18 7 19 2 20 3 21 1 22 0 23 4 24 5 25 0 28 0 30 0 31 0 32 0 33 0 35 0 36 0 37 0 38 0 39 0 41 0 46 0 50 0 51 0 52 0 53 0 54 0 55 0 56 0 57
Case 76
4 4 5 5 6 6 7 7 9 9 11 11 0 12 1 13 2 14 3 15 4 16 5 17 6 18 7 19 0 20 1 21 2 22 3 23 4 24 5 25 0 26 0 27 0 28 0 30 0 31 0 32 0 33 0 35 0 36 0 37 0 41 0 46 0 50 0 51 0 52 0 53 0 54 0 55 0 56 0 57
Case 77
4 4 5 5 6 6 7 7 9 9 11 11 0 12 1 13 2 14 3 15 4 16 5 17 6 18 7 19 1 20 0 21 3 22 2 23 4 24 5 25 0 26 0 27 0 28 0 30 0 31 0 32 0 33 0 35 0 36 0 37 0 41 0 46 0 50 0 51 0 52 0 53 0 54 0 55 0 56 0 57
Case 78
4 4 5 5 6 6 7 7 9 9 11 11 0 12 1 13 2 14 3 15 4 16 5 17 6 18 7 19 3 20 2 21 0 22 1 23 4 24 5 25 0 26 0 27 0 28 0 30 0 31 0 32 0 33 0 35 0 36 0 37 0 41 0 46 0 50 0 51 0 52 0 53 0 54 0 55 0 56 0 57
Case 79
4 4 5 5 6 6 7 7 9 9 11 11 0 12 1 13 2 14 3 15 4 16 5 17 6 18 7 19 2 20 3 21 1 22 0 23 4 24 5 25 0 26 0 27 0 28 0 30 0 31 0 32 0 33 0 35 0 36 0 37 0 41 0 46 0 50 0 51 0 52 0 53 0 54 0 55 0 56 0 57
Case 80
4 4 5 5 6 6 7 7 9 9 11 11 0 12 1 13 2 14 3 15 4 16 5 17 6 18 7 19 0 20 1 21 2 22 3 23 4 24 5 25 0 29 0 30 0 31 0 32 0 33 0 35 0 36 0 37 0 38 0 39 0 40 0 46 0 50 0 51 0 52 0 53 0 54 0 55 0 56 0 57
Case 81
4 4 5 5 6 6 7 7 9 9 11 11 0 12 1 13 2 14 3 15 4 16 5 17 6 18 7 19 1 20 0 21 3 22 2 23 4 24 5 25 0 29 0 30 0 31 0 32 0 33 0 35 0 36 0 37 0 38 0 39 0 40 0 46 0 50 0 51 0 52 0 53 0 54 0 55 0 56 0 57
Case 82
4 4 5 5 6 6 7 7 9 9 11 11 0 12 1 13 2 14 3 15 4 16 5 17 6 18 7 19 3 20 2 21 0 22 1 23 4 24 5 25 0 29 0 30 0 31 0 32 0 33 0 35 0 36 0 37 0 38 0 39 0 40 0 46 0 50 0 51 0 52 0 53 0 54 0 55 0 56 0 57
Case 83
4 4 5 5 6 6 7 7 9 9 11 11 0 12 1 13 2 14 3 15 4 16 5 17 6 18 7 19 2 20 3 21 1 22 0 23 4 24 5 25 0 29 0 30 0 31 0 32 0 33 0 35 0 36 0 37 0 38 0 39 0 40 0 46 0 50 0 51 0 52 0 53 0 54 0 55 0 56 0 57
Case 84
4 4 5 5 6 6 7 7 9 9 11 11 0 12 1 13 2 14 3 15 4 16 5 17 6 18 7 19 0 20 1 21 2 22 3 23 4 24 5 25 0 26 0 27 0 29 0 30 0 31 0 32 0 33 0 35 0 36 0 37 0 40 0 46 0 50 0 51 0 52 0 53 0 54 0 55 0 56 0 57
Case 85
4 4 5 5 6 6 7 7 9 9 11 11 0 12 1 13 2 14 3 15 4 16 5 17 6 18 7 19 1 20 0 21 3 22 2 23 4 24 5 25 0 26 0 27 0 29 0 30 0 31 0 32 0 33 0 35 0 36 0 37 0 40 0 46 0 50 0 51 0 52 0 53 0 54 0 55 0 56 0 57
Case 86
4 4 5 5 6 6 7 7 9 9 11 11 0 12 1 13 2 14 3 15 4 16 5 17 6 18 7 19 3 20 2 21 0 22 1 23 4 24 5 25 0 26 0 27 0 29 0 30 0 31 0 32 0 33 0 35 0 36 0 37 0 40 0 46 0 50 0 51 0 52 0 53 0 54 0 55 0 56 0 57
Case 87
4 4 5 5 6 6 7 7 9 9 11 11 0 12 1 13 2 14 3 15 4 16 5 17 6 18 7 19 2 20 3 21 1 22 0 23 4 24 5 25 0 26 0 27 0 29 0 30 0 31 0 32 0 33 0 35 0 36 0 37 0 40 0 46 0 50 0 51 0 52 0 53 0 54 0 55 0 56 0 57
Case 88
4 4 5 5 6 6 7 7 9 9 11 11 0 12 1 13 2 14 3 15 4 16 5 17 6 18 7 19 0 20 1 21 2 22 3 23 4 24 5 25 0 26 0 28 0 29 0 30 0 31 0 32 0 33 0 35 0 36 0 37 0 39 0 46 0 50 0 51 0 52 0 53 0 54 0 55 0 56 0 57
Case 89
4 4 5 5 6 6 7 7 9 9 11 11 0 12 1 13 2 14 3 15 4 16 5 17 6 18 7 19 1 20 0 21 3 22 2 23 4 24 5 25 0 26 0 28 0 29 0 30 0 31 0 32 0 33 0 35 0 36 0 37 0 39 0 46 0 50 0 51 0 52 0 53 0 54 0 55 0 56 0 57
Case 90
4 4 5 5 6 6 7 7 9 9 11 11 0 12 1 13 2 14 3 15 4 16 5 17 6 18 7 19 3 20 2 21 0 22 1 23 4 24 5 25 0 26 0 28 0 29 0 30 0 31 0 32 0 33 0 35 0 36 0 37 0 39 0 46 0 50 0 51 0 52 0 53 0 54 0 55 0 56 0 57
Case 91
4 4 5 5 6 6 7 7 9 9 11 11 0 12 1 13 2 14 3 15 4 16 5 17 6 18 7 19 2 20 3 21 1 22 0 23 4 24 5 25 0 26 0 28 0 29 0 30 0 31 0 32 0 33 0 35 0 36 0 37 0 39 0 46 0 50 0 51 0 52 0 53 0 54 0 55 0 56 0 57
Case 92
4 4 5 5 6 6 7 7 9 9 11 11 0 12 1 13 2 14 3 15 4 16 5 17 6 18 7 19 0 20 1 21 2 22 3 23 4 24 5 25 0 27 0 28 0 29 0 30 0 31 0 32 0 33 0 35 0 36 0 37 0 38 0 46 0 50 0 51 0 52 0 53 0 54 0 55 0 56 0 57
Case 93
4 4 5 5 6 6 7 7 9 9 11 11 0 12 1 13 2 14 3 15 4 16 5 17 6 18 7 19 1 20 0 21 3 22 2 23 4 24 5 25 0 27 0 28 0 29 0 30 0 31 0 32 0 33 0 35 0 36 0 37 0 38 0 46 0 50 0 51 0 52 0 53 0 54 0 55 0 56 0 57
Case 94
4 4 5 5 6 6 7 7 9 9 11 11 0 12 1 13 2 14 3 15 4 16 5 17 6 18 7 19 3 20 2 21 0 22 1 23 4 24 5 25 0 27 0 28 0 29 0 30 0 31 0 32 0 33 0 35 0 36 0 37 0 38 0 46 0 50 0 51 0 52 0 53 0 54 0 55 0 56 0 57
Case 95
4 4 5 5 6 6 7 7 9 9 11 11 0 12 1 13 2 14 3 15 4 16 5 17 6 18 7 19 2 20 3 21 1 22 0 23 4 24 5 25 0 27 0 28 0 29 0 30 0 31 0 32 0 33 0 35 0 36 0 37 0 38 0 46 0 50 0 51 0 52 0 53 0 54 0 55 0 56 0 57
Case 96
4 4 5 5 6 6 7 7 9 9 11 11 0 12 1 13 2 14 3 15 4 16 5 17 6 18 7 19 0 20 1 21 2 22 3 23 4 24 5 25 0 30 0 31 0 32 0 33 0 34 0 35 0 36 0 37 0 38 0 39 0 40 0 41 0 50 0 51 0 52 0 53 0 54 0 55 0 56 0 57
Case 97
4 4 5 5 6 6 7 7 9 9 11 11 0 12 1 13 2 14 3 15 4 16 5 17 6 18 7 19 1 20 0 21 3 22 2 23 4 24 5 25 0 30 0 31 0 32 0 33 0 34 0 35 0 36 0 37 0 38 0 39 0 40 0 41 0 50 0 51 0 52 0 53 0 54 0 55 0 56 0 57
Case 98
4 4 5 5 6 6 7 7 9 9 11 11 0 12 1 13 2 14 3 15 4 16 5 17 6 18 7 19 3 20 2 21 0 22 1 23 4 24 5 25 0 30 0 31 0 32 0 33 0 34 0 35 0 36 0 37 0 38 0 39 0 40 0 41 0 50 0 51 0 52 0 53 0 54 0 55 0 56 0 57
Case 99
4 4 5 5 6 6 7 7 9 9 11 11 0 12 1 13 2 14 3 15 4 16 5 17 6 18 7 19 2 20 3 21 1 22 0 23 4 24 5 25 0 30 0 31 0 32 0 33 0 34 0 35 0 36 0 37 0 38 0 39 0 40 0 41 0 50 0 51 0 52 0 53 0 54 0 55 0 56 0 57
Case 100
4 4 5 5 6 6 7 7 9 9 11 11 0 12 1 13 2 14 3 15 4 16 5 17 6 18 7 19 0 20 1 21 2 22 3 23 4 24 5 25 0 26 0 27 0 30 0 31 0 32 0 33 0 34 0 35 0 36 0 37 0 40 0 41 0 50 0 51 0 52 0 53 0 54 0 55 0 56 0 57
Case 101
4 4 5 5 6 6 7 7 9 9 11 11 0 12 1 13 2 14 3 15 4 16 5 17 6 18 7 19 1 20 0 21 3 22 2 23 4 24 5 25 0 26 0 27 0 30 0 31 0 32 0 33 0 34 0 35 0 36 0 37 0 40 0 41 0 50 0 51 0 52 0 53 0 54 0 55 0 56 0 57
Case 102
4 4 5 5 6 6 7 7 9 9 11 11 0 12 1 13 2 14 3 15 4 16 5 17 6 18 7 19 3 20 2 21 0 22 1 23 4 24 5 25 0 26 0 27 0 30 0 31 0 32 0 33 0 34 0 35 0 36 0 37 0 40 0 41 0 50 0 51 0 52 0 53 0 54 0 55 0 56 0 57
Case 103
4 4 5 5 6 6 7 7 9 9 11 11 0 12 1 13 2 14 3 15 4 16 5 17 6 18 7 19 2 20 3 21 1 22 0 23 4 24 5 25 0 26 0 27 0 30 0 31 0 32 0 33 0 34 0 35 0 36 0 37 0 40 0 41 0 50 0 51 0 52 0 53 0 54 0 55 0 56 0 57
Case 104
4 4 5 5 6 6 7 7 9 9 11 11 0 12 1 13 2 14 3 15 4 16 5 17 6 18 7 19 0 20 1 21 2 22 3 23 4 24 5 25 0 26 0 28 0 30 0 31 0 32 0 33 0 34 0 35 0 36 0 37 0 39 0 41 0 50 0 51 0 52 0 53 0 54 0 55 0 56 0 57
Case 105
4 4 5 5 6 6 7 7 9 9 11 11 0 12 1 13 2 14 3 15 4 16 5 17 6 18 7 19 1 20 0 21 3 22 2 23 4 24 5 25 0 26 0 28 0 30 0 31 0 32 0 33 0 34 0 35 0 36 0 37 0 39 0 41 0 50 0 51 0 52 0 53 0 54 0 55 0 56 0 57
Case 106
4 4 5 5 6 6 7 7 9 9 11 11 0 12 1 13 2 14 3 15 4 16 5 17 6 18 7 19 3 20 2 21 0 22 1 23 4 24 5 25 0 26 0 28 0 30 0 31 0 32 0 33 0 34 0 35 0 36 0 37 0 39 0 41 0 50 0 51 0 52 0 53 0 54 0 55 0 56 0 57
Case 107
4 4 5 5 6 6 7 7 9 9 11 11 0 12 1 13 2 14 3 15 4 16 5 17 6 18 7 19 2 20 3 21 1 22 0 23 4 24 5 25 0 26 0 28 0 30 0 31 0 32 0 33 0 34 0 35 0 36 0 37 0 39 0 41 0 50 0 51 0 52 0 53 0 54 0 55 0 56 0 57
Case 108
4 4 5 5 6 6 7 7 9 9 11 11 0 12 1 13 2 14 3 15 4 16 5 17 6 18 7 19 0 20 1 21 2 22 3 23 4 24 5 25 0 27 0 28 0 30 0 31 0 32 0 33 0 34 0 35 0 36 0 37 0 38 0 41 0 50 0 51 0 52 0 53 0 54 0 55 0 56 0 57
Case 109
4 4 5 5 6 6 7 7 9 9 11 11 0 12 1 13 2 14 3 15 4 16 5 17 6 18 7 19 1 20 0 21 3 22 2 23 4 24 5 25 0 27 0 28 0 30 0 31 0 32 0 33 0 34 0 35 0 36 0 37 0 38 0 41 0 50 0 51 0 52 0 53 0 54 0 55 0 56 0 57
Case 110
4 4 5 5 6 6 7 7 9 9 11 11 0 12 1 13 2 14 3 15 4 16 5 17 6 18 7 19 3 20 2 21 0 22 1 23 4 24 5 25 0 27 0 28 0 30 0 31 0 32 0 33 0 34 0 35 0 36 0 37 0 38 0 41 0 50 0 51 0 52 0 53 0 54 0 55 0 56 0 57
Case 111
4 4 5 5 6 6 7 7 9 9 11 11 0 12 1 13 2 14 3 15 4 16 5 17 6 18 7 19 2 20 3 21 1 22 0 23 4 24 5 25 0 27 0 28 0 30 0 31 0 32 0 33 0 34 0 35 0 36 0 37 0 38 0 41 0 50 0 51 0 52 0 53 0 54 0 55 0 56 0 57
Case 112
4 4 5 5 6 6 7 7 9 9 11 11 0 12 1 13 2 14 3 15 4 16 5 17 6 18 7 19 0 20 1 21 2 22 3 23 4 24 5 25 0 26 0 29 0 30 0 31 0 32 0 33 0 34 0 35 0 36 0 37 0 39 0 40 0 50 0 51 0 52 0 53 0 54 0 55 0 56 0 57
Case 113
4 4 5 5 6 6 7 7 9 9 11 11 0 12 1 13 2 14 3 15 4 16 5 17 6 18 7 19 1 20 0 21 3 22 2 23 4 24 5 25 0 26 0 29 0 30 0 31 0 32 0 33 0 34 0 35 0 36 0 37 0 39 0 40 0 50 0 51 0 52 0 53 0 54 0 55 0 56 0 57
Case 114
4 4 5 5 6 6 7 7 9 9 11 11 0 12 1 13 2 14 3 15 4 16 5 17 6 18 7 19 3 20 2 21 0 22 1 23 4 24 5 25 0 26 0 29 0 30 0 31 0 32 0 33 0 34 0 35 0 36 0 37 0 39 0 40 0 50 0 51 0 52 0 53 0 54 0 55 0 56 0 57
Case 115
4 4 5 5 6 6 7 7 9 9 11 11 0 12 1 13 2 14 3 15 4 16 5 17 6 18 7 19 2 20 3 21 1 22 0 23 4 24 5 25 0 26 0 29 0 30 0 31 0 32 0 33 0 34 0 35 0 36 0 37 0 39 0 40 0 50 0 51 0 52 0 53 0 54 0 55 0 56 0 57
Case 116
4 4 5 5 6 6 7 7 9 9 11 11 0 12 1 13 2 14 3 15 4 16 5 17 6 18 7 19 0 20 1 21 2 22 3 23 4 24 5 25 0 27 0 29 0 30 0 31 0 32 0 33 0 34 0 35 0 36 0 37 0 38 0 40 0 50 0 51 0 52 0 53 0 54 0 55 0 56 0 57
Case 117
4 4 5 5 6 6 7 7 9 9 11 11 0 12 1 13 2 14 3 15 4 16 5 17 6 18 7 19 1 20 0 21 3 22 2 23 4 24 5 25 0 27 0 29 0 30 0 31 0 32 0 33 0 34 0 35 0 36 0 37 0 38 0 40 0 50 0 51 0 52 0 53 0 54 0 55 0 56 0 57
Case 118
4 4 5 5 6 6 7 7 9 9 11 11 0 12 1 13 2 14 3 15 4 16 5 17 6 18 7 19 3 20 2 21 0 22 1 23 4 24 5 25 0 27 0 29 0 30 0 31 0 32 0 33 0 34 0 35 0 36 0 37 0 38 0 40 0 50 0 51 0 52 0 53 0 54 0 55 0 56 0 57
Case 119
4 4 5 5 6 6 7 7 9 9 11 11 0 12 1 13 2 14 3 15 4 16 5 17 6 18 7 19 2 20 3 21 1 22 0 23 4 24 5 25 0 27 0 29 0 30 0 31 0 32 0 33 0 34 0 35 0 36 0 37 0 38 0 40 0 50 0 51 0 52 0 53 0 54 0 55 0 56 0 57
Case 120
4 4 5 5 6 6 7 7 9 9 11 11 0 12 1 13 2 14 3 15 4 16 5 17 6 18 7 19 0 20 1 21 2 22 3 23 4 24 5 25 0 28 0 29 0 30 0 31 0 32 0 33 0 34 0 35 0 36 0 37 0 38 0 39 0 50 0 51 0 52 0 53 0 54 0 55 0 56 0 57
Case 121
4 4 5 5 6 6 7 7 9 9 11 11 0 12 1 13 2 14 3 15 4 16 5 17 6 18 7 19 1 20 0 21 3 22 2 23 4 24 5 25 0 28 0 29 0 30 0 31 0 32 0 33 0 34 0 35 0 36 0 37 0 38 0 39 0 50 0 51 0 52 0 53 0 54 0 55 0 56 0 57
Case 122
4 4 5 5 6 6 7 7 9 9 11 11 0 12 1 13 2 14 3 15 4 16 5 17 6 18 7 19 3 20 2 21 0 22 1 23 4 24 5 25 0 28 0 29 0 30 0 31 0 32 0 33 0 34 0 35 0 36 0 37 0 38 0 39 0 50 0 51 0 52 0 53 0 54 0 55 0 56 0 57
Case 123
4 4 5 5 6 6 7 7 9 9 11 11 0 12 1 13 2 14 3 15 4 16 5 17 6 18 7 19 2 20 3 21 1 22 0 23 4 24 5 25 0 28 0 29 0 30 0 31 0 32 0 33 0 34 0 35 0 36 0 37 0 38 0 39 0 50 0 51 0 52 0 53 0 54 0 55 0 56 0 57
Case 124
4 4 5 5 6 6 7 7 9 9 11 11 0 12 1 13 2 14 3 15 4 16 5 17 6 18 7 19 0 20 1 21 2 22 3 23 4 24 5 25 0 26 0 27 0 28 0 29 0 30 0 31 0 32 0 33 0 34 0 35 0 36 0 37 0 50 0 51 0 52 0 53 0 54 0 55 0 56 0 57
Case 125
4 4 5 5 6 6 7 7 9 9 11 11 0 12 1 13 2 14 3 15 4 16 5 17 6 18 7 19 1 20 0 21 3 22 2 23 4 24 5 25 0 26 0 27 0 28 0 29 0 30 0 31 0 32 0 33 0 34 0 35 0 36 0 37 0 50 0 51 0 52 0 53 0 54 0 55 0 56 0 57
Case 126
4 4 5 5 6 6 7 7 9 9 11 11 0 12 1 13 2 14 3 15 4 16 5 17 6 18 7 19 3 20 2 21 0 22 1 23 4 24 5 25 0 26 0 27 0 28 0 29 0 30 0 31 0 32 0 33 0 34 0 35 0 36 0 37 0 50 0 51 0 52 0 53 0 54 0 55 0 56 0 57
Case 127
4 4 5 5 6 6 7 7 9 9 11 11 0 12 1 13 2 14 3 15 4 16 5 17 6 18 7 19 2 20 3 21 1 22 0 23 4 24 5 25 0 26 0 27 0 28 0 29 0 30 0 31 0 32 0 33 0 34 0 35 0 36 0 37 0 50 0 51 0 52 0 53 0 54 0 55 0 56 0 57
