Case 0
4 0 5 5 9 9 4 12 5 17 0 26 0 31 0 35 0 50 0 55
Case 1
4 0 5 5 9 9 4 12 5 17 0 26 0 31 0 35 0 55 0 58
Case 2
4 0 5 5 9 9 4 12 5 17 0 26 0 31 0 35 0 55 0 66
Case 3
4 0 5 5 9 9 4 13 5 17 0 26 0 31 0 35 0 51 0 55
Case 4
4 0 5 5 9 9 4 13 5 17 0 26 0 31 0 35 0 55 0 59
Case 5
4 0 5 5 9 9 4 13 5 17 0 26 0 31 0 35 0 55 0 67
Case 6
4 0 5 5 9 9 4 14 5 17 0 26 0 31 0 35 0 52 0 55
Case 7
4 0 5 5 9 9 4 14 5 17 0 26 0 31 0 35 0 55 0 60
Case 8
4 0 5 5 9 9 4 14 5 17 0 26 0 31 0 35 0 55 0 68
Case 9
4 0 5 5 9 9 4 15 5 17 0 26 0 31 0 35 0 53 0 55
Case 10
4 0 5 5 9 9 4 15 5 17 0 26 0 31 0 35 0 55 0 61
Case 11
4 0 5 5 9 9 4 15 5 17 0 26 0 31 0 35 0 55 0 69
Case 12
4 0 5 5 9 9 4 16 5 17 0 26 0 31 0 35 0 54 0 55
Case 13
4 0 5 5 9 9 4 16 5 17 0 26 0 31 0 35 0 55 0 62
Case 14
4 0 5 5 9 9 4 16 5 17 0 26 0 31 0 35 0 55 0 70
Case 15
4 0 5 5 9 9 5 17 4 18 0 26 0 31 0 35 0 55 0 56
Case 16
4 0 5 5 9 9 5 17 4 18 0 26 0 31 0 35 0 55 0 64
Case 17
4 0 5 5 9 9 5 17 4 18 0 26 0 31 0 35 0 55 0 72
Case 18
4 0 5 5 9 9 5 17 4 19 0 26 0 31 0 35 0 55 0 57
Case 19
4 0 5 5 9 9 5 17 4 19 0 26 0 31 0 35 0 55 0 65
Case 20
4 0 5 5 9 9 5 17 4 19 0 26 0 31 0 35 0 55 0 73
Case 21
4 0 5 5 9 9 4 12 5 17 0 31 0 35 0 38 0 50 0 55
Case 22
4 0 5 5 9 9 4 12 5 17 0 31 0 35 0 38 0 55 0 58
Case 23
4 0 5 5 9 9 4 12 5 17 0 31 0 35 0 38 0 55 0 66
Case 24
4 0 5 5 9 9 4 13 5 17 0 31 0 35 0 38 0 51 0 55
Case 25
4 0 5 5 9 9 4 13 5 17 0 31 0 35 0 38 0 55 0 59
Case 26
4 0 5 5 9 9 4 13 5 17 0 31 0 35 0 38 0 55 0 67
Case 27
4 0 5 5 9 9 4 14 5 17 0 31 0 35 0 38 0 52 0 55
Case 28
4 0 5 5 9 9 4 14 5 17 0 31 0 35 0 38 0 55 0 60
Case 29
4 0 5 5 9 9 4 14 5 17 0 31 0 35 0 38 0 55 0 68
Case 30
4 0 5 5 9 9 4 15 5 17 0 31 0 35 0 38 0 53 0 55
Case 31
4 0 5 5 9 9 4 15 5 17 0 31 0 35 0 38 0 55 0 61
Case 32
4 0 5 5 9 9 4 15 5 17 0 31 0 35 0 38 0 55 0 69
Case 33
4 0 5 5 9 9 4 16 5 17 0 31 0 35 0 38 0 54 0 55
Case 34
4 0 5 5 9 9 4 16 5 17 0 31 0 35 0 38 0 55 0 62
Case 35
4 0 5 5 9 9 4 16 5 17 0 31 0 35 0 38 0 55 0 70
Case 36
4 0 5 5 9 9 5 17 4 18 0 31 0 35 0 38 0 55 0 56
Case 37
4 0 5 5 9 9 5 17 4 18 0 31 0 35 0 38 0 55 0 64
Case 38
4 0 5 5 9 9 5 17 4 18 0 31 0 35 0 38 0 55 0 72
Case 39
4 0 5 5 9 9 5 17 4 19 0 31 0 35 0 38 0 55 0 57
Case 40
4 0 5 5 9 9 5 17 4 19 0 31 0 35 0 38 0 55 0 65
Case 41
4 0 5 5 9 9 5 17 4 19 0 31 0 35 0 38 0 55 0 73
Case 42
4 1 5 5 9 9 4 12 5 17 0 27 0 31 0 35 0 50 0 55
Case 43
4 1 5 5 9 9 4 12 5 17 0 27 0 31 0 35 0 55 0 58
Case 44
4 1 5 5 9 9 4 12 5 17 0 27 0 31 0 35 0 55 0 66
Case 45
4 1 5 5 9 9 4 13 5 17 0 27 0 31 0 35 0 51 0 55
Case 46
4 1 5 5 9 9 4 13 5 17 0 27 0 31 0 35 0 55 0 59
Case 47
4 1 5 5 9 9 4 13 5 17 0 27 0 31 0 35 0 55 0 67
Case 48
4 1 5 5 9 9 4 14 5 17 0 27 0 31 0 35 0 52 0 55
Case 49
4 1 5 5 9 9 4 14 5 17 0 27 0 31 0 35 0 55 0 60
Case 50
4 1 5 5 9 9 4 14 5 17 0 27 0 31 0 35 0 55 0 68
Case 51
4 1 5 5 9 9 4 15 5 17 0 27 0 31 0 35 0 53 0 55
Case 52
4 1 5 5 9 9 4 15 5 17 0 27 0 31 0 35 0 55 0 61
Case 53
4 1 5 5 9 9 4 15 5 17 0 27 0 31 0 35 0 55 0 69
Case 54
4 1 5 5 9 9 4 16 5 17 0 27 0 31 0 35 0 54 0 55
Case 55
4 1 5 5 9 9 4 16 5 17 0 27 0 31 0 35 0 55 0 62
Case 56
4 1 5 5 9 9 4 16 5 17 0 27 0 31 0 35 0 55 0 70
Case 57
4 1 5 5 9 9 5 17 4 18 0 27 0 31 0 35 0 55 0 56
Case 58
4 1 5 5 9 9 5 17 4 18 0 27 0 31 0 35 0 55 0 64
Case 59
4 1 5 5 9 9 5 17 4 18 0 27 0 31 0 35 0 55 0 72
Case 60
4 1 5 5 9 9 5 17 4 19 0 27 0 31 0 35 0 55 0 57
Case 61
4 1 5 5 9 9 5 17 4 19 0 27 0 31 0 35 0 55 0 65
Case 62
4 1 5 5 9 9 5 17 4 19 0 27 0 31 0 35 0 55 0 73
Case 63
4 1 5 5 9 9 4 12 5 17 0 31 0 35 0 39 0 50 0 55
Case 64
4 1 5 5 9 9 4 12 5 17 0 31 0 35 0 39 0 55 0 58
Case 65
4 1 5 5 9 9 4 12 5 17 0 31 0 35 0 39 0 55 0 66
Case 66
4 1 5 5 9 9 4 13 5 17 0 31 0 35 0 39 0 51 0 55
Case 67
4 1 5 5 9 9 4 13 5 17 0 31 0 35 0 39 0 55 0 59
Case 68
4 1 5 5 9 9 4 13 5 17 0 31 0 35 0 39 0 55 0 67
Case 69
4 1 5 5 9 9 4 14 5 17 0 31 0 35 0 39 0 52 0 55
Case 70
4 1 5 5 9 9 4 14 5 17 0 31 0 35 0 39 0 55 0 60
Case 71
4 1 5 5 9 9 4 14 5 17 0 31 0 35 0 39 0 55 0 68
Case 72
4 1 5 5 9 9 4 15 5 17 0 31 0 35 0 39 0 53 0 55
Case 73
4 1 5 5 9 9 4 15 5 17 0 31 0 35 0 39 0 55 0 61
Case 74
4 1 5 5 9 9 4 15 5 17 0 31 0 35 0 39 0 55 0 69
Case 75
4 1 5 5 9 9 4 16 5 17 0 31 0 35 0 39 0 54 0 55
Case 76
4 1 5 5 9 9 4 16 5 17 0 31 0 35 0 39 0 55 0 62
Case 77
4 1 5 5 9 9 4 16 5 17 0 31 0 35 0 39 0 55 0 70
Case 78
4 1 5 5 9 9 5 17 4 18 0 31 0 35 0 39 0 55 0 56
Case 79
4 1 5 5 9 9 5 17 4 18 0 31 0 35 0 39 0 55 0 64
Case 80
4 1 5 5 9 9 5 17 4 18 0 31 0 35 0 39 0 55 0 72
Case 81
4 1 5 5 9 9 5 17 4 19 0 31 0 35 0 39 0 55 0 57
Case 82
4 1 5 5 9 9 5 17 4 19 0 31 0 35 0 39 0 55 0 65
Case 83
4 1 5 5 9 9 5 17 4 19 0 31 0 35 0 39 0 55 0 73
Case 84
4 2 5 5 9 9 4 12 5 17 0 28 0 31 0 35 0 50 0 55
Case 85
4 2 5 5 9 9 4 12 5 17 0 28 0 31 0 35 0 55 0 58
Case 86
4 2 5 5 9 9 4 12 5 17 0 28 0 31 0 35 0 55 0 66
Case 87
4 2 5 5 9 9 4 13 5 17 0 28 0 31 0 35 0 51 0 55
Case 88
4 2 5 5 9 9 4 13 5 17 0 28 0 31 0 35 0 55 0 59
Case 89
4 2 5 5 9 9 4 13 5 17 0 28 0 31 0 35 0 55 0 67
Case 90
4 2 5 5 9 9 4 14 5 17 0 28 0 31 0 35 0 52 0 55
Case 91
4 2 5 5 9 9 4 14 5 17 0 28 0 31 0 35 0 55 0 60
Case 92
4 2 5 5 9 9 4 14 5 17 0 28 0 31 0 35 0 55 0 68
Case 93
4 2 5 5 9 9 4 15 5 17 0 28 0 31 0 35 0 53 0 55
Case 94
4 2 5 5 9 9 4 15 5 17 0 28 0 31 0 35 0 55 0 61
Case 95
4 2 5 5 9 9 4 15 5 17 0 28 0 31 0 35 0 55 0 69
Case 96
4 2 5 5 9 9 4 16 5 17 0 28 0 31 0 35 0 54 0 55
Case 97
4 2 5 5 9 9 4 16 5 17 0 28 0 31 0 35 0 55 0 62
Case 98
4 2 5 5 9 9 4 16 5 17 0 28 0 31 0 35 0 55 0 70
Case 99
4 2 5 5 9 9 5 17 4 18 0 28 0 31 0 35 0 55 0 56
Case 100
4 2 5 5 9 9 5 17 4 18 0 28 0 31 0 35 0 55 0 64
Case 101
4 2 5 5 9 9 5 17 4 18 0 28 0 31 0 35 0 55 0 72
Case 102
4 2 5 5 9 9 5 17 4 19 0 28 0 31 0 35 0 55 0 57
Case 103
4 2 5 5 9 9 5 17 4 19 0 28 0 31 0 35 0 55 0 65
Case 104
4 2 5 5 9 9 5 17 4 19 0 28 0 31 0 35 0 55 0 73
Case 105
4 2 5 5 9 9 4 12 5 17 0 31 0 35 0 40 0 50 0 55
Case 106
4 2 5 5 9 9 4 12 5 17 0 31 0 35 0 40 0 55 0 58
Case 107
4 2 5 5 9 9 4 12 5 17 0 31 0 35 0 40 0 55 0 66
Case 108
4 2 5 5 9 9 4 13 5 17 0 31 0 35 0 40 0 51 0 55
Case 109
4 2 5 5 9 9 4 13 5 17 0 31 0 35 0 40 0 55 0 59
Case 110
4 2 5 5 9 9 4 13 5 17 0 31 0 35 0 40 0 55 0 67
Case 111
4 2 5 5 9 9 4 14 5 17 0 31 0 35 0 40 0 52 0 55
Case 112
4 2 5 5 9 9 4 14 5 17 0 31 0 35 0 40 0 55 0 60
Case 113
4 2 5 5 9 9 4 14 5 17 0 31 0 35 0 40 0 55 0 68
Case 114
4 2 5 5 9 9 4 15 5 17 0 31 0 35 0 40 0 53 0 55
Case 115
4 2 5 5 9 9 4 15 5 17 0 31 0 35 0 40 0 55 0 61
Case 116
4 2 5 5 9 9 4 15 5 17 0 31 0 35 0 40 0 55 0 69
Case 117
4 2 5 5 9 9 4 16 5 17 0 31 0 35 0 40 0 54 0 55
Case 118
4 2 5 5 9 9 4 16 5 17 0 31 0 35 0 40 0 55 0 62
Case 119
4 2 5 5 9 9 4 16 5 17 0 31 0 35 0 40 0 55 0 70
Case 120
4 2 5 5 9 9 5 17 4 18 0 31 0 35 0 40 0 55 0 56
Case 121
4 2 5 5 9 9 5 17 4 18 0 31 0 35 0 40 0 55 0 64
Case 122
4 2 5 5 9 9 5 17 4 18 0 31 0 35 0 40 0 55 0 72
Case 123
4 2 5 5 9 9 5 17 4 19 0 31 0 35 0 40 0 55 0 57
Case 124
4 2 5 5 9 9 5 17 4 19 0 31 0 35 0 40 0 55 0 65
Case 125
4 2 5 5 9 9 5 17 4 19 0 31 0 35 0 40 0 55 0 73
Case 126
4 3 5 5 9 9 4 12 5 17 0 29 0 31 0 35 0 50 0 55
Case 127
4 3 5 5 9 9 4 12 5 17 0 29 0 31 0 35 0 55 0 58
Case 128
4 3 5 5 9 9 4 12 5 17 0 29 0 31 0 35 0 55 0 66
Case 129
4 3 5 5 9 9 4 13 5 17 0 29 0 31 0 35 0 51 0 55
Case 130
4 3 5 5 9 9 4 13 5 17 0 29 0 31 0 35 0 55 0 59
Case 131
4 3 5 5 9 9 4 13 5 17 0 29 0 31 0 35 0 55 0 67
Case 132
4 3 5 5 9 9 4 14 5 17 0 29 0 31 0 35 0 52 0 55
Case 133
4 3 5 5 9 9 4 14 5 17 0 29 0 31 0 35 0 55 0 60
Case 134
4 3 5 5 9 9 4 14 5 17 0 29 0 31 0 35 0 55 0 68
Case 135
4 3 5 5 9 9 4 15 5 17 0 29 0 31 0 35 0 53 0 55
Case 136
4 3 5 5 9 9 4 15 5 17 0 29 0 31 0 35 0 55 0 61
Case 137
4 3 5 5 9 9 4 15 5 17 0 29 0 31 0 35 0 55 0 69
Case 138
4 3 5 5 9 9 4 16 5 17 0 29 0 31 0 35 0 54 0 55
Case 139
4 3 5 5 9 9 4 16 5 17 0 29 0 31 0 35 0 55 0 62
Case 140
4 3 5 5 9 9 4 16 5 17 0 29 0 31 0 35 0 55 0 70
Case 141
4 3 5 5 9 9 5 17 4 18 0 29 0 31 0 35 0 55 0 56
Case 142
4 3 5 5 9 9 5 17 4 18 0 29 0 31 0 35 0 55 0 64
Case 143
4 3 5 5 9 9 5 17 4 18 0 29 0 31 0 35 0 55 0 72
Case 144
4 3 5 5 9 9 5 17 4 19 0 29 0 31 0 35 0 55 0 57
Case 145
4 3 5 5 9 9 5 17 4 19 0 29 0 31 0 35 0 55 0 65
Case 146
4 3 5 5 9 9 5 17 4 19 0 29 0 31 0 35 0 55 0 73
Case 147
4 3 5 5 9 9 4 12 5 17 0 31 0 35 0 41 0 50 0 55
Case 148
4 3 5 5 9 9 4 12 5 17 0 31 0 35 0 41 0 55 0 58
Case 149
4 3 5 5 9 9 4 12 5 17 0 31 0 35 0 41 0 55 0 66
Case 150
4 3 5 5 9 9 4 13 5 17 0 31 0 35 0 41 0 51 0 55
Case 151
4 3 5 5 9 9 4 13 5 17 0 31 0 35 0 41 0 55 0 59
Case 152
4 3 5 5 9 9 4 13 5 17 0 31 0 35 0 41 0 55 0 67
Case 153
4 3 5 5 9 9 4 14 5 17 0 31 0 35 0 41 0 52 0 55
Case 154
4 3 5 5 9 9 4 14 5 17 0 31 0 35 0 41 0 55 0 60
Case 155
4 3 5 5 9 9 4 14 5 17 0 31 0 35 0 41 0 55 0 68
Case 156
4 3 5 5 9 9 4 15 5 17 0 31 0 35 0 41 0 53 0 55
Case 157
4 3 5 5 9 9 4 15 5 17 0 31 0 35 0 41 0 55 0 61
Case 158
4 3 5 5 9 9 4 15 5 17 0 31 0 35 0 41 0 55 0 69
Case 159
4 3 5 5 9 9 4 16 5 17 0 31 0 35 0 41 0 54 0 55
Case 160
4 3 5 5 9 9 4 16 5 17 0 31 0 35 0 41 0 55 0 62
Case 161
4 3 5 5 9 9 4 16 5 17 0 31 0 35 0 41 0 55 0 70
Case 162
4 3 5 5 9 9 5 17 4 18 0 31 0 35 0 41 0 55 0 56
Case 163
4 3 5 5 9 9 5 17 4 18 0 31 0 35 0 41 0 55 0 64
Case 164
4 3 5 5 9 9 5 17 4 18 0 31 0 35 0 41 0 55 0 72
Case 165
4 3 5 5 9 9 5 17 4 19 0 31 0 35 0 41 0 55 0 57
Case 166
4 3 5 5 9 9 5 17 4 19 0 31 0 35 0 41 0 55 0 65
Case 167
4 3 5 5 9 9 5 17 4 19 0 31 0 35 0 41 0 55 0 73
Case 168
4 4 5 5 9 9 4 12 5 17 0 30 0 31 0 35 0 50 0 55
Case 169
4 4 5 5 9 9 4 12 5 17 0 30 0 31 0 35 0 55 0 58
Case 170
4 4 5 5 9 9 4 12 5 17 0 30 0 31 0 35 0 55 0 66
Case 171
4 4 5 5 9 9 4 13 5 17 0 30 0 31 0 35 0 51 0 55
Case 172
4 4 5 5 9 9 4 13 5 17 0 30 0 31 0 35 0 55 0 59
Case 173
4 4 5 5 9 9 4 13 5 17 0 30 0 31 0 35 0 55 0 67
Case 174
4 4 5 5 9 9 4 14 5 17 0 30 0 31 0 35 0 52 0 55
Case 175
4 4 5 5 9 9 4 14 5 17 0 30 0 31 0 35 0 55 0 60
Case 176
4 4 5 5 9 9 4 14 5 17 0 30 0 31 0 35 0 55 0 68
Case 177
4 4 5 5 9 9 4 15 5 17 0 30 0 31 0 35 0 53 0 55
Case 178
4 4 5 5 9 9 4 15 5 17 0 30 0 31 0 35 0 55 0 61
Case 179
4 4 5 5 9 9 4 15 5 17 0 30 0 31 0 35 0 55 0 69
Case 180
4 4 5 5 9 9 4 16 5 17 0 30 0 31 0 35 0 54 0 55
Case 181
4 4 5 5 9 9 4 16 5 17 0 30 0 31 0 35 0 55 0 62
Case 182
4 4 5 5 9 9 4 16 5 17 0 30 0 31 0 35 0 55 0 70
Case 183
4 4 5 5 9 9 5 17 4 18 0 30 0 31 0 35 0 55 0 56
Case 184
4 4 5 5 9 9 5 17 4 18 0 30 0 31 0 35 0 55 0 64
Case 185
4 4 5 5 9 9 5 17 4 18 0 30 0 31 0 35 0 55 0 72
Case 186
4 4 5 5 9 9 5 17 4 19 0 30 0 31 0 35 0 55 0 57
Case 187
4 4 5 5 9 9 5 17 4 19 0 30 0 31 0 35 0 55 0 65
Case 188
4 4 5 5 9 9 5 17 4 19 0 30 0 31 0 35 0 55 0 73
Case 189
4 4 5 5 9 9 4 12 5 17 0 31 0 35 0 42 0 50 0 55
Case 190
4 4 5 5 9 9 4 12 5 17 0 31 0 35 0 42 0 55 0 58
Case 191
4 4 5 5 9 9 4 12 5 17 0 31 0 35 0 42 0 55 0 66
Case 192
4 4 5 5 9 9 4 13 5 17 0 31 0 35 0 42 0 51 0 55
Case 193
4 4 5 5 9 9 4 13 5 17 0 31 0 35 0 42 0 55 0 59
Case 194
4 4 5 5 9 9 4 13 5 17 0 31 0 35 0 42 0 55 0 67
Case 195
4 4 5 5 9 9 4 14 5 17 0 31 0 35 0 42 0 52 0 55
Case 196
4 4 5 5 9 9 4 14 5 17 0 31 0 35 0 42 0 55 0 60
Case 197
4 4 5 5 9 9 4 14 5 17 0 31 0 35 0 42 0 55 0 68
Case 198
4 4 5 5 9 9 4 15 5 17 0 31 0 35 0 42 0 53 0 55
Case 199
4 4 5 5 9 9 4 15 5 17 0 31 0 35 0 42 0 55 0 61
Case 200
4 4 5 5 9 9 4 15 5 17 0 31 0 35 0 42 0 55 0 69
Case 201
4 4 5 5 9 9 4 16 5 17 0 31 0 35 0 42 0 54 0 55
Case 202
4 4 5 5 9 9 4 16 5 17 0 31 0 35 0 42 0 55 0 62
Case 203
4 4 5 5 9 9 4 16 5 17 0 31 0 35 0 42 0 55 0 70
Case 204
4 4 5 5 9 9 5 17 4 18 0 31 0 35 0 42 0 55 0 56
Case 205
4 4 5 5 9 9 5 17 4 18 0 31 0 35 0 42 0 55 0 64
Case 206
4 4 5 5 9 9 5 17 4 18 0 31 0 35 0 42 0 55 0 72
Case 207
4 4 5 5 9 9 5 17 4 19 0 31 0 35 0 42 0 55 0 57
Case 208
4 4 5 5 9 9 5 17 4 19 0 31 0 35 0 42 0 55 0 65
Case 209
4 4 5 5 9 9 5 17 4 19 0 31 0 35 0 42 0 55 0 73
Case 210
5 5 4 6 9 9 4 12 5 17 0 31 0 32 0 35 0 50 0 55
Case 211
5 5 4 6 9 9 4 12 5 17 0 31 0 32 0 35 0 55 0 58
Case 212
5 5 4 6 9 9 4 12 5 17 0 31 0 32 0 35 0 55 0 66
Case 213
5 5 4 6 9 9 4 13 5 17 0 31 0 32 0 35 0 51 0 55
Case 214
5 5 4 6 9 9 4 13 5 17 0 31 0 32 0 35 0 55 0 59
Case 215
5 5 4 6 9 9 4 13 5 17 0 31 0 32 0 35 0 55 0 67
Case 216
5 5 4 6 9 9 4 14 5 17 0 31 0 32 0 35 0 52 0 55
Case 217
5 5 4 6 9 9 4 14 5 17 0 31 0 32 0 35 0 55 0 60
Case 218
5 5 4 6 9 9 4 14 5 17 0 31 0 32 0 35 0 55 0 68
Case 219
5 5 4 6 9 9 4 15 5 17 0 31 0 32 0 35 0 53 0 55
Case 220
5 5 4 6 9 9 4 15 5 17 0 31 0 32 0 35 0 55 0 61
Case 221
5 5 4 6 9 9 4 15 5 17 0 31 0 32 0 35 0 55 0 69
Case 222
5 5 4 6 9 9 4 16 5 17 0 31 0 32 0 35 0 54 0 55
Case 223
5 5 4 6 9 9 4 16 5 17 0 31 0 32 0 35 0 55 0 62
Case 224
5 5 4 6 9 9 4 16 5 17 0 31 0 32 0 35 0 55 0 70
Case 225
5 5 4 6 9 9 5 17 4 18 0 31 0 32 0 35 0 55 0 56
Case 226
5 5 4 6 9 9 5 17 4 18 0 31 0 32 0 35 0 55 0 64
Case 227
5 5 4 6 9 9 5 17 4 18 0 31 0 32 0 35 0 55 0 72
Case 228
5 5 4 6 9 9 5 17 4 19 0 31 0 32 0 35 0 55 0 57
Case 229
5 5 4 6 9 9 5 17 4 19 0 31 0 32 0 35 0 55 0 65
Case 230
5 5 4 6 9 9 5 17 4 19 0 31 0 32 0 35 0 55 0 73
Case 231
5 5 4 6 9 9 4 12 5 17 0 31 0 35 0 44 0 50 0 55
Case 232
5 5 4 6 9 9 4 12 5 17 0 31 0 35 0 44 0 55 0 58
Case 233
5 5 4 6 9 9 4 12 5 17 0 31 0 35 0 44 0 55 0 66
Case 234
5 5 4 6 9 9 4 13 5 17 0 31 0 35 0 44 0 51 0 55
Case 235
5 5 4 6 9 9 4 13 5 17 0 31 0 35 0 44 0 55 0 59
Case 236
5 5 4 6 9 9 4 13 5 17 0 31 0 35 0 44 0 55 0 67
Case 237
5 5 4 6 9 9 4 14 5 17 0 31 0 35 0 44 0 52 0 55
Case 238
5 5 4 6 9 9 4 14 5 17 0 31 0 35 0 44 0 55 0 60
Case 239
5 5 4 6 9 9 4 14 5 17 0 31 0 35 0 44 0 55 0 68
Case 240
5 5 4 6 9 9 4 15 5 17 0 31 0 35 0 44 0 53 0 55
Case 241
5 5 4 6 9 9 4 15 5 17 0 31 0 35 0 44 0 55 0 61
Case 242
5 5 4 6 9 9 4 15 5 17 0 31 0 35 0 44 0 55 0 69
Case 243
5 5 4 6 9 9 4 16 5 17 0 31 0 35 0 44 0 54 0 55
Case 244
5 5 4 6 9 9 4 16 5 17 0 31 0 35 0 44 0 55 0 62
Case 245
5 5 4 6 9 9 4 16 5 17 0 31 0 35 0 44 0 55 0 70
Case 246
5 5 4 6 9 9 5 17 4 18 0 31 0 35 0 44 0 55 0 56
Case 247
5 5 4 6 9 9 5 17 4 18 0 31 0 35 0 44 0 55 0 64
Case 248
5 5 4 6 9 9 5 17 4 18 0 31 0 35 0 44 0 55 0 72
Case 249
5 5 4 6 9 9 5 17 4 19 0 31 0 35 0 44 0 55 0 57
Case 250
5 5 4 6 9 9 5 17 4 19 0 31 0 35 0 44 0 55 0 65
Case 251
5 5 4 6 9 9 5 17 4 19 0 31 0 35 0 44 0 55 0 73
Case 252
5 5 4 7 9 9 4 12 5 17 0 31 0 33 0 35 0 50 0 55
Case 253
5 5 4 7 9 9 4 12 5 17 0 31 0 33 0 35 0 55 0 58
Case 254
5 5 4 7 9 9 4 12 5 17 0 31 0 33 0 35 0 55 0 66
Case 255
5 5 4 7 9 9 4 13 5 17 0 31 0 33 0 35 0 51 0 55
Case 256
5 5 4 7 9 9 4 13 5 17 0 31 0 33 0 35 0 55 0 59
Case 257
5 5 4 7 9 9 4 13 5 17 0 31 0 33 0 35 0 55 0 67
Case 258
5 5 4 7 9 9 4 14 5 17 0 31 0 33 0 35 0 52 0 55
Case 259
5 5 4 7 9 9 4 14 5 17 0 31 0 33 0 35 0 55 0 60
Case 260
5 5 4 7 9 9 4 14 5 17 0 31 0 33 0 35 0 55 0 68
Case 261
5 5 4 7 9 9 4 15 5 17 0 31 0 33 0 35 0 53 0 55
Case 262
5 5 4 7 9 9 4 15 5 17 0 31 0 33 0 35 0 55 0 61
Case 263
5 5 4 7 9 9 4 15 5 17 0 31 0 33 0 35 0 55 0 69
Case 264
5 5 4 7 9 9 4 16 5 17 0 31 0 33 0 35 0 54 0 55
Case 265
5 5 4 7 9 9 4 16 5 17 0 31 0 33 0 35 0 55 0 62
Case 266
5 5 4 7 9 9 4 16 5 17 0 31 0 33 0 35 0 55 0 70
Case 267
5 5 4 7 9 9 5 17 4 18 0 31 0 33 0 35 0 55 0 56
Case 268
5 5 4 7 9 9 5 17 4 18 0 31 0 33 0 35 0 55 0 64
Case 269
5 5 4 7 9 9 5 17 4 18 0 31 0 33 0 35 0 55 0 72
Case 270
5 5 4 7 9 9 5 17 4 19 0 31 0 33 0 35 0 55 0 57
Case 271
5 5 4 7 9 9 5 17 4 19 0 31 0 33 0 35 0 55 0 65
Case 272
5 5 4 7 9 9 5 17 4 19 0 31 0 33 0 35 0 55 0 73
Case 273
5 5 4 7 9 9 4 12 5 17 0 31 0 35 0 45 0 50 0 55
Case 274
5 5 4 7 9 9 4 12 5 17 0 31 0 35 0 45 0 55 0 58
Case 275
5 5 4 7 9 9 4 12 5 17 0 31 0 35 0 45 0 55 0 66
Case 276
5 5 4 7 9 9 4 13 5 17 0 31 0 35 0 45 0 51 0 55
Case 277
5 5 4 7 9 9 4 13 5 17 0 31 0 35 0 45 0 55 0 59
Case 278
5 5 4 7 9 9 4 13 5 17 0 31 0 35 0 45 0 55 0 67
Case 279
5 5 4 7 9 9 4 14 5 17 0 31 0 35 0 45 0 52 0 55
Case 280
5 5 4 7 9 9 4 14 5 17 0 31 0 35 0 45 0 55 0 60
Case 281
5 5 4 7 9 9 4 14 5 17 0 31 0 35 0 45 0 55 0 68
Case 282
5 5 4 7 9 9 4 15 5 17 0 31 0 35 0 45 0 53 0 55
Case 283
5 5 4 7 9 9 4 15 5 17 0 31 0 35 0 45 0 55 0 61
Case 284
5 5 4 7 9 9 4 15 5 17 0 31 0 35 0 45 0 55 0 69
Case 285
5 5 4 7 9 9 4 16 5 17 0 31 0 35 0 45 0 54 0 55
Case 286
5 5 4 7 9 9 4 16 5 17 0 31 0 35 0 45 0 55 0 62
Case 287
5 5 4 7 9 9 4 16 5 17 0 31 0 35 0 45 0 55 0 70
Case 288
5 5 4 7 9 9 5 17 4 18 0 31 0 35 0 45 0 55 0 56
Case 289
5 5 4 7 9 9 5 17 4 18 0 31 0 35 0 45 0 55 0 64
Case 290
5 5 4 7 9 9 5 17 4 18 0 31 0 35 0 45 0 55 0 72
Case 291
5 5 4 7 9 9 5 17 4 19 0 31 0 35 0 45 0 55 0 57
Case 292
5 5 4 7 9 9 5 17 4 19 0 31 0 35 0 45 0 55 0 65
Case 293
5 5 4 7 9 9 5 17 4 19 0 31 0 35 0 45 0 55 0 73
Case 294
5 5 4 8 9 9 4 12 5 17 0 31 0 34 0 35 0 50 0 55
Case 295
5 5 4 8 9 9 4 12 5 17 0 31 0 34 0 35 0 55 0 58
Case 296
5 5 4 8 9 9 4 12 5 17 0 31 0 34 0 35 0 55 0 66
Case 297
5 5 4 8 9 9 4 13 5 17 0 31 0 34 0 35 0 51 0 55
Case 298
5 5 4 8 9 9 4 13 5 17 0 31 0 34 0 35 0 55 0 59
Case 299
5 5 4 8 9 9 4 13 5 17 0 31 0 34 0 35 0 55 0 67
Case 300
5 5 4 8 9 9 4 14 5 17 0 31 0 34 0 35 0 52 0 55
Case 301
5 5 4 8 9 9 4 14 5 17 0 31 0 34 0 35 0 55 0 60
Case 302
5 5 4 8 9 9 4 14 5 17 0 31 0 34 0 35 0 55 0 68
Case 303
5 5 4 8 9 9 4 15 5 17 0 31 0 34 0 35 0 53 0 55
Case 304
5 5 4 8 9 9 4 15 5 17 0 31 0 34 0 35 0 55 0 61
Case 305
5 5 4 8 9 9 4 15 5 17 0 31 0 34 0 35 0 55 0 69
Case 306
5 5 4 8 9 9 4 16 5 17 0 31 0 34 0 35 0 54 0 55
Case 307
5 5 4 8 9 9 4 16 5 17 0 31 0 34 0 35 0 55 0 62
Case 308
5 5 4 8 9 9 4 16 5 17 0 31 0 34 0 35 0 55 0 70
Case 309
5 5 4 8 9 9 5 17 4 18 0 31 0 34 0 35 0 55 0 56
Case 310
5 5 4 8 9 9 5 17 4 18 0 31 0 34 0 35 0 55 0 64
Case 311
5 5 4 8 9 9 5 17 4 18 0 31 0 34 0 35 0 55 0 72
Case 312
5 5 4 8 9 9 5 17 4 19 0 31 0 34 0 35 0 55 0 57
Case 313
5 5 4 8 9 9 5 17 4 19 0 31 0 34 0 35 0 55 0 65
Case 314
5 5 4 8 9 9 5 17 4 19 0 31 0 34 0 35 0 55 0 73
Case 315
5 5 4 8 9 9 4 12 5 17 0 31 0 35 0 46 0 50 0 55
Case 316
5 5 4 8 9 9 4 12 5 17 0 31 0 35 0 46 0 55 0 58
Case 317
5 5 4 8 9 9 4 12 5 17 0 31 0 35 0 46 0 55 0 66
Case 318
5 5 4 8 9 9 4 13 5 17 0 31 0 35 0 46 0 51 0 55
Case 319
5 5 4 8 9 9 4 13 5 17 0 31 0 35 0 46 0 55 0 59
Case 320
5 5 4 8 9 9 4 13 5 17 0 31 0 35 0 46 0 55 0 67
Case 321
5 5 4 8 9 9 4 14 5 17 0 31 0 35 0 46 0 52 0 55
Case 322
5 5 4 8 9 9 4 14 5 17 0 31 0 35 0 46 0 55 0 60
Case 323
5 5 4 8 9 9 4 14 5 17 0 31 0 35 0 46 0 55 0 68
Case 324
5 5 4 8 9 9 4 15 5 17 0 31 0 35 0 46 0 53 0 55
Case 325
5 5 4 8 9 9 4 15 5 17 0 31 0 35 0 46 0 55 0 61
Case 326
5 5 4 8 9 9 4 15 5 17 0 31 0 35 0 46 0 55 0 69
Case 327
5 5 4 8 9 9 4 16 5 17 0 31 0 35 0 46 0 54 0 55
Case 328
5 5 4 8 9 9 4 16 5 17 0 31 0 35 0 46 0 55 0 62
Case 329
5 5 4 8 9 9 4 16 5 17 0 31 0 35 0 46 0 55 0 70
Case 330
5 5 4 8 9 9 5 17 4 18 0 31 0 35 0 46 0 55 0 56
Case 331
5 5 4 8 9 9 5 17 4 18 0 31 0 35 0 46 0 55 0 64
Case 332
5 5 4 8 9 9 5 17 4 18 0 31 0 35 0 46 0 55 0 72
Case 333
5 5 4 8 9 9 5 17 4 19 0 31 0 35 0 46 0 55 0 57
Case 334
5 5 4 8 9 9 5 17 4 19 0 31 0 35 0 46 0 55 0 65
Case 335
5 5 4 8 9 9 5 17 4 19 0 31 0 35 0 46 0 55 0 73
Case 336
5 5 9 9 4 10 4 12 5 17 0 31 0 35 0 36 0 50 0 55
Case 337
5 5 9 9 4 10 4 12 5 17 0 31 0 35 0 36 0 55 0 58
Case 338
5 5 9 9 4 10 4 12 5 17 0 31 0 35 0 36 0 55 0 66
Case 339
5 5 9 9 4 10 4 13 5 17 0 31 0 35 0 36 0 51 0 55
Case 340
5 5 9 9 4 10 4 13 5 17 0 31 0 35 0 36 0 55 0 59
Case 341
5 5 9 9 4 10 4 13 5 17 0 31 0 35 0 36 0 55 0 67
Case 342
5 5 9 9 4 10 4 14 5 17 0 31 0 35 0 36 0 52 0 55
Case 343
5 5 9 9 4 10 4 14 5 17 0 31 0 35 0 36 0 55 0 60
Case 344
5 5 9 9 4 10 4 14 5 17 0 31 0 35 0 36 0 55 0 68
Case 345
5 5 9 9 4 10 4 15 5 17 0 31 0 35 0 36 0 53 0 55
Case 346
5 5 9 9 4 10 4 15 5 17 0 31 0 35 0 36 0 55 0 61
Case 347
5 5 9 9 4 10 4 15 5 17 0 31 0 35 0 36 0 55 0 69
Case 348
5 5 9 9 4 10 4 16 5 17 0 31 0 35 0 36 0 54 0 55
Case 349
5 5 9 9 4 10 4 16 5 17 0 31 0 35 0 36 0 55 0 62
Case 350
5 5 9 9 4 10 4 16 5 17 0 31 0 35 0 36 0 55 0 70
Case 351
5 5 9 9 4 10 5 17 4 18 0 31 0 35 0 36 0 55 0 56
Case 352
5 5 9 9 4 10 5 17 4 18 0 31 0 35 0 36 0 55 0 64
Case 353
5 5 9 9 4 10 5 17 4 18 0 31 0 35 0 36 0 55 0 72
Case 354
5 5 9 9 4 10 5 17 4 19 0 31 0 35 0 36 0 55 0 57
Case 355
5 5 9 9 4 10 5 17 4 19 0 31 0 35 0 36 0 55 0 65
Case 356
5 5 9 9 4 10 5 17 4 19 0 31 0 35 0 36 0 55 0 73
Case 357
5 5 9 9 4 10 4 12 5 17 0 31 0 35 0 48 0 50 0 55
Case 358
5 5 9 9 4 10 4 12 5 17 0 31 0 35 0 48 0 55 0 58
Case 359
5 5 9 9 4 10 4 12 5 17 0 31 0 35 0 48 0 55 0 66
Case 360
5 5 9 9 4 10 4 13 5 17 0 31 0 35 0 48 0 51 0 55
Case 361
5 5 9 9 4 10 4 13 5 17 0 31 0 35 0 48 0 55 0 59
Case 362
5 5 9 9 4 10 4 13 5 17 0 31 0 35 0 48 0 55 0 67
Case 363
5 5 9 9 4 10 4 14 5 17 0 31 0 35 0 48 0 52 0 55
Case 364
5 5 9 9 4 10 4 14 5 17 0 31 0 35 0 48 0 55 0 60
Case 365
5 5 9 9 4 10 4 14 5 17 0 31 0 35 0 48 0 55 0 68
Case 366
5 5 9 9 4 10 4 15 5 17 0 31 0 35 0 48 0 53 0 55
Case 367
5 5 9 9 4 10 4 15 5 17 0 31 0 35 0 48 0 55 0 61
Case 368
5 5 9 9 4 10 4 15 5 17 0 31 0 35 0 48 0 55 0 69
Case 369
5 5 9 9 4 10 4 16 5 17 0 31 0 35 0 48 0 54 0 55
Case 370
5 5 9 9 4 10 4 16 5 17 0 31 0 35 0 48 0 55 0 62
Case 371
5 5 9 9 4 10 4 16 5 17 0 31 0 35 0 48 0 55 0 70
Case 372
5 5 9 9 4 10 5 17 4 18 0 31 0 35 0 48 0 55 0 56
Case 373
5 5 9 9 4 10 5 17 4 18 0 31 0 35 0 48 0 55 0 64
Case 374
5 5 9 9 4 10 5 17 4 18 0 31 0 35 0 48 0 55 0 72
Case 375
5 5 9 9 4 10 5 17 4 19 0 31 0 35 0 48 0 55 0 57
Case 376
5 5 9 9 4 10 5 17 4 19 0 31 0 35 0 48 0 55 0 65
Case 377
5 5 9 9 4 10 5 17 4 19 0 31 0 35 0 48 0 55 0 73
Case 378
5 5 9 9 4 11 4 12 5 17 0 31 0 35 0 37 0 50 0 55
Case 379
5 5 9 9 4 11 4 12 5 17 0 31 0 35 0 37 0 55 0 58
Case 380
5 5 9 9 4 11 4 12 5 17 0 31 0 35 0 37 0 55 0 66
Case 381
5 5 9 9 4 11 4 13 5 17 0 31 0 35 0 37 0 51 0 55
Case 382
5 5 9 9 4 11 4 13 5 17 0 31 0 35 0 37 0 55 0 59
Case 383
5 5 9 9 4 11 4 13 5 17 0 31 0 35 0 37 0 55 0 67
Case 384
5 5 9 9 4 11 4 14 5 17 0 31 0 35 0 37 0 52 0 55
Case 385
5 5 9 9 4 11 4 14 5 17 0 31 0 35 0 37 0 55 0 60
Case 386
5 5 9 9 4 11 4 14 5 17 0 31 0 35 0 37 0 55 0 68
Case 387
5 5 9 9 4 11 4 15 5 17 0 31 0 35 0 37 0 53 0 55
Case 388
5 5 9 9 4 11 4 15 5 17 0 31 0 35 0 37 0 55 0 61
Case 389
5 5 9 9 4 11 4 15 5 17 0 31 0 35 0 37 0 55 0 69
Case 390
5 5 9 9 4 11 4 16 5 17 0 31 0 35 0 37 0 54 0 55
Case 391
5 5 9 9 4 11 4 16 5 17 0 31 0 35 0 37 0 55 0 62
Case 392
5 5 9 9 4 11 4 16 5 17 0 31 0 35 0 37 0 55 0 70
Case 393
5 5 9 9 4 11 5 17 4 18 0 31 0 35 0 37 0 55 0 56
Case 394
5 5 9 9 4 11 5 17 4 18 0 31 0 35 0 37 0 55 0 64
Case 395
5 5 9 9 4 11 5 17 4 18 0 31 0 35 0 37 0 55 0 72
Case 396
5 5 9 9 4 11 5 17 4 19 0 31 0 35 0 37 0 55 0 57
Case 397
5 5 9 9 4 11 5 17 4 19 0 31 0 35 0 37 0 55 0 65
Case 398
5 5 9 9 4 11 5 17 4 19 0 31 0 35 0 37 0 55 0 73
Case 399
5 5 9 9 4 11 4 12 5 17 0 31 0 35 0 49 0 50 0 55
Case 400
5 5 9 9 4 11 4 12 5 17 0 31 0 35 0 49 0 55 0 58
Case 401
5 5 9 9 4 11 4 12 5 17 0 31 0 35 0 49 0 55 0 66
Case 402
5 5 9 9 4 11 4 13 5 17 0 31 0 35 0 49 0 51 0 55
Case 403
5 5 9 9 4 11 4 13 5 17 0 31 0 35 0 49 0 55 0 59
Case 404
5 5 9 9 4 11 4 13 5 17 0 31 0 35 0 49 0 55 0 67
Case 405
5 5 9 9 4 11 4 14 5 17 0 31 0 35 0 49 0 52 0 55
Case 406
5 5 9 9 4 11 4 14 5 17 0 31 0 35 0 49 0 55 0 60
Case 407
5 5 9 9 4 11 4 14 5 17 0 31 0 35 0 49 0 55 0 68
Case 408
5 5 9 9 4 11 4 15 5 17 0 31 0 35 0 49 0 53 0 55
Case 409
5 5 9 9 4 11 4 15 5 17 0 31 0 35 0 49 0 55 0 61
Case 410
5 5 9 9 4 11 4 15 5 17 0 31 0 35 0 49 0 55 0 69
Case 411
5 5 9 9 4 11 4 16 5 17 0 31 0 35 0 49 0 54 0 55
Case 412
5 5 9 9 4 11 4 16 5 17 0 31 0 35 0 49 0 55 0 62
Case 413
5 5 9 9 4 11 4 16 5 17 0 31 0 35 0 49 0 55 0 70
Case 414
5 5 9 9 4 11 5 17 4 18 0 31 0 35 0 49 0 55 0 56
Case 415
5 5 9 9 4 11 5 17 4 18 0 31 0 35 0 49 0 55 0 64
Case 416
5 5 9 9 4 11 5 17 4 18 0 31 0 35 0 49 0 55 0 72
Case 417
5 5 9 9 4 11 5 17 4 19 0 31 0 35 0 49 0 55 0 57
Case 418
5 5 9 9 4 11 5 17 4 19 0 31 0 35 0 49 0 55 0 65
Case 419
5 5 9 9 4 11 5 17 4 19 0 31 0 35 0 49 0 55 0 73
