Case 0
5 0 4 5 9 9 4 12 5 17 0 26 0 31 0 35 0 50 0 55
Case 1
5 0 4 5 9 9 4 12 5 17 0 26 0 31 0 35 0 55 0 58
Case 2
5 0 4 5 9 9 4 12 5 17 0 26 0 31 0 35 0 55 0 66
Case 3
5 0 4 5 9 9 4 13 5 17 0 26 0 31 0 35 0 51 0 55
Case 4
5 0 4 5 9 9 4 13 5 17 0 26 0 31 0 35 0 55 0 59
Case 5
5 0 4 5 9 9 4 13 5 17 0 26 0 31 0 35 0 55 0 67
Case 6
5 0 4 5 9 9 4 14 5 17 0 26 0 31 0 35 0 52 0 55
Case 7
5 0 4 5 9 9 4 14 5 17 0 26 0 31 0 35 0 55 0 60
Case 8
5 0 4 5 9 9 4 14 5 17 0 26 0 31 0 35 0 55 0 68
Case 9
5 0 4 5 9 9 4 15 5 17 0 26 0 31 0 35 0 53 0 55
Case 10
5 0 4 5 9 9 4 15 5 17 0 26 0 31 0 35 0 55 0 61
Case 11
5 0 4 5 9 9 4 15 5 17 0 26 0 31 0 35 0 55 0 69
Case 12
5 0 4 5 9 9 4 16 5 17 0 26 0 31 0 35 0 54 0 55
Case 13
5 0 4 5 9 9 4 16 5 17 0 26 0 31 0 35 0 55 0 62
Case 14
5 0 4 5 9 9 4 16 5 17 0 26 0 31 0 35 0 55 0 70
Case 15
5 0 4 5 9 9 5 17 4 18 0 26 0 31 0 35 0 55 0 56
Case 16
5 0 4 5 9 9 5 17 4 18 0 26 0 31 0 35 0 55 0 64
Case 17
5 0 4 5 9 9 5 17 4 18 0 26 0 31 0 35 0 55 0 72
Case 18
5 0 4 5 9 9 5 17 4 19 0 26 0 31 0 35 0 55 0 57
Case 19
5 0 4 5 9 9 5 17 4 19 0 26 0 31 0 35 0 55 0 65
Case 20
5 0 4 5 9 9 5 17 4 19 0 26 0 31 0 35 0 55 0 73
Case 21
5 0 4 5 9 9 4 12 5 17 0 31 0 35 0 38 0 50 0 55
Case 22
5 0 4 5 9 9 4 12 5 17 0 31 0 35 0 38 0 55 0 58
Case 23
5 0 4 5 9 9 4 12 5 17 0 31 0 35 0 38 0 55 0 66
Case 24
5 0 4 5 9 9 4 13 5 17 0 31 0 35 0 38 0 51 0 55
Case 25
5 0 4 5 9 9 4 13 5 17 0 31 0 35 0 38 0 55 0 59
Case 26
5 0 4 5 9 9 4 13 5 17 0 31 0 35 0 38 0 55 0 67
Case 27
5 0 4 5 9 9 4 14 5 17 0 31 0 35 0 38 0 52 0 55
Case 28
5 0 4 5 9 9 4 14 5 17 0 31 0 35 0 38 0 55 0 60
Case 29
5 0 4 5 9 9 4 14 5 17 0 31 0 35 0 38 0 55 0 68
Case 30
5 0 4 5 9 9 4 15 5 17 0 31 0 35 0 38 0 53 0 55
Case 31
5 0 4 5 9 9 4 15 5 17 0 31 0 35 0 38 0 55 0 61
Case 32
5 0 4 5 9 9 4 15 5 17 0 31 0 35 0 38 0 55 0 69
Case 33
5 0 4 5 9 9 4 16 5 17 0 31 0 35 0 38 0 54 0 55
Case 34
5 0 4 5 9 9 4 16 5 17 0 31 0 35 0 38 0 55 0 62
Case 35
5 0 4 5 9 9 4 16 5 17 0 31 0 35 0 38 0 55 0 70
Case 36
5 0 4 5 9 9 5 17 4 18 0 31 0 35 0 38 0 55 0 56
Case 37
5 0 4 5 9 9 5 17 4 18 0 31 0 35 0 38 0 55 0 64
Case 38
5 0 4 5 9 9 5 17 4 18 0 31 0 35 0 38 0 55 0 72
Case 39
5 0 4 5 9 9 5 17 4 19 0 31 0 35 0 38 0 55 0 57
Case 40
5 0 4 5 9 9 5 17 4 19 0 31 0 35 0 38 0 55 0 65
Case 41
5 0 4 5 9 9 5 17 4 19 0 31 0 35 0 38 0 55 0 73
Case 42
5 1 4 5 9 9 4 12 5 17 0 27 0 31 0 35 0 50 0 55
Case 43
5 1 4 5 9 9 4 12 5 17 0 27 0 31 0 35 0 55 0 58
Case 44
5 1 4 5 9 9 4 12 5 17 0 27 0 31 0 35 0 55 0 66
Case 45
5 1 4 5 9 9 4 13 5 17 0 27 0 31 0 35 0 51 0 55
Case 46
5 1 4 5 9 9 4 13 5 17 0 27 0 31 0 35 0 55 0 59
Case 47
5 1 4 5 9 9 4 13 5 17 0 27 0 31 0 35 0 55 0 67
Case 48
5 1 4 5 9 9 4 14 5 17 0 27 0 31 0 35 0 52 0 55
Case 49
5 1 4 5 9 9 4 14 5 17 0 27 0 31 0 35 0 55 0 60
Case 50
5 1 4 5 9 9 4 14 5 17 0 27 0 31 0 35 0 55 0 68
Case 51
5 1 4 5 9 9 4 15 5 17 0 27 0 31 0 35 0 53 0 55
Case 52
5 1 4 5 9 9 4 15 5 17 0 27 0 31 0 35 0 55 0 61
Case 53
5 1 4 5 9 9 4 15 5 17 0 27 0 31 0 35 0 55 0 69
Case 54
5 1 4 5 9 9 4 16 5 17 0 27 0 31 0 35 0 54 0 55
Case 55
5 1 4 5 9 9 4 16 5 17 0 27 0 31 0 35 0 55 0 62
Case 56
5 1 4 5 9 9 4 16 5 17 0 27 0 31 0 35 0 55 0 70
Case 57
5 1 4 5 9 9 5 17 4 18 0 27 0 31 0 35 0 55 0 56
Case 58
5 1 4 5 9 9 5 17 4 18 0 27 0 31 0 35 0 55 0 64
Case 59
5 1 4 5 9 9 5 17 4 18 0 27 0 31 0 35 0 55 0 72
Case 60
5 1 4 5 9 9 5 17 4 19 0 27 0 31 0 35 0 55 0 57
Case 61
5 1 4 5 9 9 5 17 4 19 0 27 0 31 0 35 0 55 0 65
Case 62
5 1 4 5 9 9 5 17 4 19 0 27 0 31 0 35 0 55 0 73
Case 63
5 1 4 5 9 9 4 12 5 17 0 31 0 35 0 39 0 50 0 55
Case 64
5 1 4 5 9 9 4 12 5 17 0 31 0 35 0 39 0 55 0 58
Case 65
5 1 4 5 9 9 4 12 5 17 0 31 0 35 0 39 0 55 0 66
Case 66
5 1 4 5 9 9 4 13 5 17 0 31 0 35 0 39 0 51 0 55
Case 67
5 1 4 5 9 9 4 13 5 17 0 31 0 35 0 39 0 55 0 59
Case 68
5 1 4 5 9 9 4 13 5 17 0 31 0 35 0 39 0 55 0 67
Case 69
5 1 4 5 9 9 4 14 5 17 0 31 0 35 0 39 0 52 0 55
Case 70
5 1 4 5 9 9 4 14 5 17 0 31 0 35 0 39 0 55 0 60
Case 71
5 1 4 5 9 9 4 14 5 17 0 31 0 35 0 39 0 55 0 68
Case 72
5 1 4 5 9 9 4 15 5 17 0 31 0 35 0 39 0 53 0 55
Case 73
5 1 4 5 9 9 4 15 5 17 0 31 0 35 0 39 0 55 0 61
Case 74
5 1 4 5 9 9 4 15 5 17 0 31 0 35 0 39 0 55 0 69
Case 75
5 1 4 5 9 9 4 16 5 17 0 31 0 35 0 39 0 54 0 55
Case 76
5 1 4 5 9 9 4 16 5 17 0 31 0 35 0 39 0 55 0 62
Case 77
5 1 4 5 9 9 4 16 5 17 0 31 0 35 0 39 0 55 0 70
Case 78
5 1 4 5 9 9 5 17 4 18 0 31 0 35 0 39 0 55 0 56
Case 79
5 1 4 5 9 9 5 17 4 18 0 31 0 35 0 39 0 55 0 64
Case 80
5 1 4 5 9 9 5 17 4 18 0 31 0 35 0 39 0 55 0 72
Case 81
5 1 4 5 9 9 5 17 4 19 0 31 0 35 0 39 0 55 0 57
Case 82
5 1 4 5 9 9 5 17 4 19 0 31 0 35 0 39 0 55 0 65
Case 83
5 1 4 5 9 9 5 17 4 19 0 31 0 35 0 39 0 55 0 73
Case 84
5 2 4 5 9 9 4 12 5 17 0 28 0 31 0 35 0 50 0 55
Case 85
5 2 4 5 9 9 4 12 5 17 0 28 0 31 0 35 0 55 0 58
Case 86
5 2 4 5 9 9 4 12 5 17 0 28 0 31 0 35 0 55 0 66
Case 87
5 2 4 5 9 9 4 13 5 17 0 28 0 31 0 35 0 51 0 55
Case 88
5 2 4 5 9 9 4 13 5 17 0 28 0 31 0 35 0 55 0 59
Case 89
5 2 4 5 9 9 4 13 5 17 0 28 0 31 0 35 0 55 0 67
Case 90
5 2 4 5 9 9 4 14 5 17 0 28 0 31 0 35 0 52 0 55
Case 91
5 2 4 5 9 9 4 14 5 17 0 28 0 31 0 35 0 55 0 60
Case 92
5 2 4 5 9 9 4 14 5 17 0 28 0 31 0 35 0 55 0 68
Case 93
5 2 4 5 9 9 4 15 5 17 0 28 0 31 0 35 0 53 0 55
Case 94
5 2 4 5 9 9 4 15 5 17 0 28 0 31 0 35 0 55 0 61
Case 95
5 2 4 5 9 9 4 15 5 17 0 28 0 31 0 35 0 55 0 69
Case 96
5 2 4 5 9 9 4 16 5 17 0 28 0 31 0 35 0 54 0 55
Case 97
5 2 4 5 9 9 4 16 5 17 0 28 0 31 0 35 0 55 0 62
Case 98
5 2 4 5 9 9 4 16 5 17 0 28 0 31 0 35 0 55 0 70
Case 99
5 2 4 5 9 9 5 17 4 18 0 28 0 31 0 35 0 55 0 56
Case 100
5 2 4 5 9 9 5 17 4 18 0 28 0 31 0 35 0 55 0 64
Case 101
5 2 4 5 9 9 5 17 4 18 0 28 0 31 0 35 0 55 0 72
Case 102
5 2 4 5 9 9 5 17 4 19 0 28 0 31 0 35 0 55 0 57
Case 103
5 2 4 5 9 9 5 17 4 19 0 28 0 31 0 35 0 55 0 65
Case 104
5 2 4 5 9 9 5 17 4 19 0 28 0 31 0 35 0 55 0 73
Case 105
5 2 4 5 9 9 4 12 5 17 0 31 0 35 0 40 0 50 0 55
Case 106
5 2 4 5 9 9 4 12 5 17 0 31 0 35 0 40 0 55 0 58
Case 107
5 2 4 5 9 9 4 12 5 17 0 31 0 35 0 40 0 55 0 66
Case 108
5 2 4 5 9 9 4 13 5 17 0 31 0 35 0 40 0 51 0 55
Case 109
5 2 4 5 9 9 4 13 5 17 0 31 0 35 0 40 0 55 0 59
Case 110
5 2 4 5 9 9 4 13 5 17 0 31 0 35 0 40 0 55 0 67
Case 111
5 2 4 5 9 9 4 14 5 17 0 31 0 35 0 40 0 52 0 55
Case 112
5 2 4 5 9 9 4 14 5 17 0 31 0 35 0 40 0 55 0 60
Case 113
5 2 4 5 9 9 4 14 5 17 0 31 0 35 0 40 0 55 0 68
Case 114
5 2 4 5 9 9 4 15 5 17 0 31 0 35 0 40 0 53 0 55
Case 115
5 2 4 5 9 9 4 15 5 17 0 31 0 35 0 40 0 55 0 61
Case 116
5 2 4 5 9 9 4 15 5 17 0 31 0 35 0 40 0 55 0 69
Case 117
5 2 4 5 9 9 4 16 5 17 0 31 0 35 0 40 0 54 0 55
Case 118
5 2 4 5 9 9 4 16 5 17 0 31 0 35 0 40 0 55 0 62
Case 119
5 2 4 5 9 9 4 16 5 17 0 31 0 35 0 40 0 55 0 70
Case 120
5 2 4 5 9 9 5 17 4 18 0 31 0 35 0 40 0 55 0 56
Case 121
5 2 4 5 9 9 5 17 4 18 0 31 0 35 0 40 0 55 0 64
Case 122
5 2 4 5 9 9 5 17 4 18 0 31 0 35 0 40 0 55 0 72
Case 123
5 2 4 5 9 9 5 17 4 19 0 31 0 35 0 40 0 55 0 57
Case 124
5 2 4 5 9 9 5 17 4 19 0 31 0 35 0 40 0 55 0 65
Case 125
5 2 4 5 9 9 5 17 4 19 0 31 0 35 0 40 0 55 0 73
Case 126
5 3 4 5 9 9 4 12 5 17 0 29 0 31 0 35 0 50 0 55
Case 127
5 3 4 5 9 9 4 12 5 17 0 29 0 31 0 35 0 55 0 58
Case 128
5 3 4 5 9 9 4 12 5 17 0 29 0 31 0 35 0 55 0 66
Case 129
5 3 4 5 9 9 4 13 5 17 0 29 0 31 0 35 0 51 0 55
Case 130
5 3 4 5 9 9 4 13 5 17 0 29 0 31 0 35 0 55 0 59
Case 131
5 3 4 5 9 9 4 13 5 17 0 29 0 31 0 35 0 55 0 67
Case 132
5 3 4 5 9 9 4 14 5 17 0 29 0 31 0 35 0 52 0 55
Case 133
5 3 4 5 9 9 4 14 5 17 0 29 0 31 0 35 0 55 0 60
Case 134
5 3 4 5 9 9 4 14 5 17 0 29 0 31 0 35 0 55 0 68
Case 135
5 3 4 5 9 9 4 15 5 17 0 29 0 31 0 35 0 53 0 55
Case 136
5 3 4 5 9 9 4 15 5 17 0 29 0 31 0 35 0 55 0 61
Case 137
5 3 4 5 9 9 4 15 5 17 0 29 0 31 0 35 0 55 0 69
Case 138
5 3 4 5 9 9 4 16 5 17 0 29 0 31 0 35 0 54 0 55
Case 139
5 3 4 5 9 9 4 16 5 17 0 29 0 31 0 35 0 55 0 62
Case 140
5 3 4 5 9 9 4 16 5 17 0 29 0 31 0 35 0 55 0 70
Case 141
5 3 4 5 9 9 5 17 4 18 0 29 0 31 0 35 0 55 0 56
Case 142
5 3 4 5 9 9 5 17 4 18 0 29 0 31 0 35 0 55 0 64
Case 143
5 3 4 5 9 9 5 17 4 18 0 29 0 31 0 35 0 55 0 72
Case 144
5 3 4 5 9 9 5 17 4 19 0 29 0 31 0 35 0 55 0 57
Case 145
5 3 4 5 9 9 5 17 4 19 0 29 0 31 0 35 0 55 0 65
Case 146
5 3 4 5 9 9 5 17 4 19 0 29 0 31 0 35 0 55 0 73
Case 147
5 3 4 5 9 9 4 12 5 17 0 31 0 35 0 41 0 50 0 55
Case 148
5 3 4 5 9 9 4 12 5 17 0 31 0 35 0 41 0 55 0 58
Case 149
5 3 4 5 9 9 4 12 5 17 0 31 0 35 0 41 0 55 0 66
Case 150
5 3 4 5 9 9 4 13 5 17 0 31 0 35 0 41 0 51 0 55
Case 151
5 3 4 5 9 9 4 13 5 17 0 31 0 35 0 41 0 55 0 59
Case 152
5 3 4 5 9 9 4 13 5 17 0 31 0 35 0 41 0 55 0 67
Case 153
5 3 4 5 9 9 4 14 5 17 0 31 0 35 0 41 0 52 0 55
Case 154
5 3 4 5 9 9 4 14 5 17 0 31 0 35 0 41 0 55 0 60
Case 155
5 3 4 5 9 9 4 14 5 17 0 31 0 35 0 41 0 55 0 68
Case 156
5 3 4 5 9 9 4 15 5 17 0 31 0 35 0 41 0 53 0 55
Case 157
5 3 4 5 9 9 4 15 5 17 0 31 0 35 0 41 0 55 0 61
Case 158
5 3 4 5 9 9 4 15 5 17 0 31 0 35 0 41 0 55 0 69
Case 159
5 3 4 5 9 9 4 16 5 17 0 31 0 35 0 41 0 54 0 55
Case 160
5 3 4 5 9 9 4 16 5 17 0 31 0 35 0 41 0 55 0 62
Case 161
5 3 4 5 9 9 4 16 5 17 0 31 0 35 0 41 0 55 0 70
Case 162
5 3 4 5 9 9 5 17 4 18 0 31 0 35 0 41 0 55 0 56
Case 163
5 3 4 5 9 9 5 17 4 18 0 31 0 35 0 41 0 55 0 64
Case 164
5 3 4 5 9 9 5 17 4 18 0 31 0 35 0 41 0 55 0 72
Case 165
5 3 4 5 9 9 5 17 4 19 0 31 0 35 0 41 0 55 0 57
Case 166
5 3 4 5 9 9 5 17 4 19 0 31 0 35 0 41 0 55 0 65
Case 167
5 3 4 5 9 9 5 17 4 19 0 31 0 35 0 41 0 55 0 73
Case 168
5 4 4 5 9 9 4 12 5 17 0 30 0 31 0 35 0 50 0 55
Case 169
5 4 4 5 9 9 4 12 5 17 0 30 0 31 0 35 0 55 0 58
Case 170
5 4 4 5 9 9 4 12 5 17 0 30 0 31 0 35 0 55 0 66
Case 171
5 4 4 5 9 9 4 13 5 17 0 30 0 31 0 35 0 51 0 55
Case 172
5 4 4 5 9 9 4 13 5 17 0 30 0 31 0 35 0 55 0 59
Case 173
5 4 4 5 9 9 4 13 5 17 0 30 0 31 0 35 0 55 0 67
Case 174
5 4 4 5 9 9 4 14 5 17 0 30 0 31 0 35 0 52 0 55
Case 175
5 4 4 5 9 9 4 14 5 17 0 30 0 31 0 35 0 55 0 60
Case 176
5 4 4 5 9 9 4 14 5 17 0 30 0 31 0 35 0 55 0 68
Case 177
5 4 4 5 9 9 4 15 5 17 0 30 0 31 0 35 0 53 0 55
Case 178
5 4 4 5 9 9 4 15 5 17 0 30 0 31 0 35 0 55 0 61
Case 179
5 4 4 5 9 9 4 15 5 17 0 30 0 31 0 35 0 55 0 69
Case 180
5 4 4 5 9 9 4 16 5 17 0 30 0 31 0 35 0 54 0 55
Case 181
5 4 4 5 9 9 4 16 5 17 0 30 0 31 0 35 0 55 0 62
Case 182
5 4 4 5 9 9 4 16 5 17 0 30 0 31 0 35 0 55 0 70
Case 183
5 4 4 5 9 9 5 17 4 18 0 30 0 31 0 35 0 55 0 56
Case 184
5 4 4 5 9 9 5 17 4 18 0 30 0 31 0 35 0 55 0 64
Case 185
5 4 4 5 9 9 5 17 4 18 0 30 0 31 0 35 0 55 0 72
Case 186
5 4 4 5 9 9 5 17 4 19 0 30 0 31 0 35 0 55 0 57
Case 187
5 4 4 5 9 9 5 17 4 19 0 30 0 31 0 35 0 55 0 65
Case 188
5 4 4 5 9 9 5 17 4 19 0 30 0 31 0 35 0 55 0 73
Case 189
5 4 4 5 9 9 4 12 5 17 0 31 0 35 0 42 0 50 0 55
Case 190
5 4 4 5 9 9 4 12 5 17 0 31 0 35 0 42 0 55 0 58
Case 191
5 4 4 5 9 9 4 12 5 17 0 31 0 35 0 42 0 55 0 66
Case 192
5 4 4 5 9 9 4 13 5 17 0 31 0 35 0 42 0 51 0 55
Case 193
5 4 4 5 9 9 4 13 5 17 0 31 0 35 0 42 0 55 0 59
Case 194
5 4 4 5 9 9 4 13 5 17 0 31 0 35 0 42 0 55 0 67
Case 195
5 4 4 5 9 9 4 14 5 17 0 31 0 35 0 42 0 52 0 55
Case 196
5 4 4 5 9 9 4 14 5 17 0 31 0 35 0 42 0 55 0 60
Case 197
5 4 4 5 9 9 4 14 5 17 0 31 0 35 0 42 0 55 0 68
Case 198
5 4 4 5 9 9 4 15 5 17 0 31 0 35 0 42 0 53 0 55
Case 199
5 4 4 5 9 9 4 15 5 17 0 31 0 35 0 42 0 55 0 61
Case 200
5 4 4 5 9 9 4 15 5 17 0 31 0 35 0 42 0 55 0 69
Case 201
5 4 4 5 9 9 4 16 5 17 0 31 0 35 0 42 0 54 0 55
Case 202
5 4 4 5 9 9 4 16 5 17 0 31 0 35 0 42 0 55 0 62
Case 203
5 4 4 5 9 9 4 16 5 17 0 31 0 35 0 42 0 55 0 70
Case 204
5 4 4 5 9 9 5 17 4 18 0 31 0 35 0 42 0 55 0 56
Case 205
5 4 4 5 9 9 5 17 4 18 0 31 0 35 0 42 0 55 0 64
Case 206
5 4 4 5 9 9 5 17 4 18 0 31 0 35 0 42 0 55 0 72
Case 207
5 4 4 5 9 9 5 17 4 19 0 31 0 35 0 42 0 55 0 57
Case 208
5 4 4 5 9 9 5 17 4 19 0 31 0 35 0 42 0 55 0 65
Case 209
5 4 4 5 9 9 5 17 4 19 0 31 0 35 0 42 0 55 0 73
Case 210
4 5 5 6 9 9 4 12 5 17 0 31 0 32 0 35 0 50 0 55
Case 211
4 5 5 6 9 9 4 12 5 17 0 31 0 32 0 35 0 55 0 58
Case 212
4 5 5 6 9 9 4 12 5 17 0 31 0 32 0 35 0 55 0 66
Case 213
4 5 5 6 9 9 4 13 5 17 0 31 0 32 0 35 0 51 0 55
Case 214
4 5 5 6 9 9 4 13 5 17 0 31 0 32 0 35 0 55 0 59
Case 215
4 5 5 6 9 9 4 13 5 17 0 31 0 32 0 35 0 55 0 67
Case 216
4 5 5 6 9 9 4 14 5 17 0 31 0 32 0 35 0 52 0 55
Case 217
4 5 5 6 9 9 4 14 5 17 0 31 0 32 0 35 0 55 0 60
Case 218
4 5 5 6 9 9 4 14 5 17 0 31 0 32 0 35 0 55 0 68
Case 219
4 5 5 6 9 9 4 15 5 17 0 31 0 32 0 35 0 53 0 55
Case 220
4 5 5 6 9 9 4 15 5 17 0 31 0 32 0 35 0 55 0 61
Case 221
4 5 5 6 9 9 4 15 5 17 0 31 0 32 0 35 0 55 0 69
Case 222
4 5 5 6 9 9 4 16 5 17 0 31 0 32 0 35 0 54 0 55
Case 223
4 5 5 6 9 9 4 16 5 17 0 31 0 32 0 35 0 55 0 62
Case 224
4 5 5 6 9 9 4 16 5 17 0 31 0 32 0 35 0 55 0 70
Case 225
4 5 5 6 9 9 5 17 4 18 0 31 0 32 0 35 0 55 0 56
Case 226
4 5 5 6 9 9 5 17 4 18 0 31 0 32 0 35 0 55 0 64
Case 227
4 5 5 6 9 9 5 17 4 18 0 31 0 32 0 35 0 55 0 72
Case 228
4 5 5 6 9 9 5 17 4 19 0 31 0 32 0 35 0 55 0 57
Case 229
4 5 5 6 9 9 5 17 4 19 0 31 0 32 0 35 0 55 0 65
Case 230
4 5 5 6 9 9 5 17 4 19 0 31 0 32 0 35 0 55 0 73
Case 231
4 5 5 6 9 9 4 12 5 17 0 31 0 35 0 44 0 50 0 55
Case 232
4 5 5 6 9 9 4 12 5 17 0 31 0 35 0 44 0 55 0 58
Case 233
4 5 5 6 9 9 4 12 5 17 0 31 0 35 0 44 0 55 0 66
Case 234
4 5 5 6 9 9 4 13 5 17 0 31 0 35 0 44 0 51 0 55
Case 235
4 5 5 6 9 9 4 13 5 17 0 31 0 35 0 44 0 55 0 59
Case 236
4 5 5 6 9 9 4 13 5 17 0 31 0 35 0 44 0 55 0 67
Case 237
4 5 5 6 9 9 4 14 5 17 0 31 0 35 0 44 0 52 0 55
Case 238
4 5 5 6 9 9 4 14 5 17 0 31 0 35 0 44 0 55 0 60
Case 239
4 5 5 6 9 9 4 14 5 17 0 31 0 35 0 44 0 55 0 68
Case 240
4 5 5 6 9 9 4 15 5 17 0 31 0 35 0 44 0 53 0 55
Case 241
4 5 5 6 9 9 4 15 5 17 0 31 0 35 0 44 0 55 0 61
Case 242
4 5 5 6 9 9 4 15 5 17 0 31 0 35 0 44 0 55 0 69
Case 243
4 5 5 6 9 9 4 16 5 17 0 31 0 35 0 44 0 54 0 55
Case 244
4 5 5 6 9 9 4 16 5 17 0 31 0 35 0 44 0 55 0 62
Case 245
4 5 5 6 9 9 4 16 5 17 0 31 0 35 0 44 0 55 0 70
Case 246
4 5 5 6 9 9 5 17 4 18 0 31 0 35 0 44 0 55 0 56
Case 247
4 5 5 6 9 9 5 17 4 18 0 31 0 35 0 44 0 55 0 64
Case 248
4 5 5 6 9 9 5 17 4 18 0 31 0 35 0 44 0 55 0 72
Case 249
4 5 5 6 9 9 5 17 4 19 0 31 0 35 0 44 0 55 0 57
Case 250
4 5 5 6 9 9 5 17 4 19 0 31 0 35 0 44 0 55 0 65
Case 251
4 5 5 6 9 9 5 17 4 19 0 31 0 35 0 44 0 55 0 73
Case 252
4 5 5 7 9 9 4 12 5 17 0 31 0 33 0 35 0 50 0 55
Case 253
4 5 5 7 9 9 4 12 5 17 0 31 0 33 0 35 0 55 0 58
Case 254
4 5 5 7 9 9 4 12 5 17 0 31 0 33 0 35 0 55 0 66
Case 255
4 5 5 7 9 9 4 13 5 17 0 31 0 33 0 35 0 51 0 55
Case 256
4 5 5 7 9 9 4 13 5 17 0 31 0 33 0 35 0 55 0 59
Case 257
4 5 5 7 9 9 4 13 5 17 0 31 0 33 0 35 0 55 0 67
Case 258
4 5 5 7 9 9 4 14 5 17 0 31 0 33 0 35 0 52 0 55
Case 259
4 5 5 7 9 9 4 14 5 17 0 31 0 33 0 35 0 55 0 60
Case 260
4 5 5 7 9 9 4 14 5 17 0 31 0 33 0 35 0 55 0 68
Case 261
4 5 5 7 9 9 4 15 5 17 0 31 0 33 0 35 0 53 0 55
Case 262
4 5 5 7 9 9 4 15 5 17 0 31 0 33 0 35 0 55 0 61
Case 263
4 5 5 7 9 9 4 15 5 17 0 31 0 33 0 35 0 55 0 69
Case 264
4 5 5 7 9 9 4 16 5 17 0 31 0 33 0 35 0 54 0 55
Case 265
4 5 5 7 9 9 4 16 5 17 0 31 0 33 0 35 0 55 0 62
Case 266
4 5 5 7 9 9 4 16 5 17 0 31 0 33 0 35 0 55 0 70
Case 267
4 5 5 7 9 9 5 17 4 18 0 31 0 33 0 35 0 55 0 56
Case 268
4 5 5 7 9 9 5 17 4 18 0 31 0 33 0 35 0 55 0 64
Case 269
4 5 5 7 9 9 5 17 4 18 0 31 0 33 0 35 0 55 0 72
Case 270
4 5 5 7 9 9 5 17 4 19 0 31 0 33 0 35 0 55 0 57
Case 271
4 5 5 7 9 9 5 17 4 19 0 31 0 33 0 35 0 55 0 65
Case 272
4 5 5 7 9 9 5 17 4 19 0 31 0 33 0 35 0 55 0 73
Case 273
4 5 5 7 9 9 4 12 5 17 0 31 0 35 0 45 0 50 0 55
Case 274
4 5 5 7 9 9 4 12 5 17 0 31 0 35 0 45 0 55 0 58
Case 275
4 5 5 7 9 9 4 12 5 17 0 31 0 35 0 45 0 55 0 66
Case 276
4 5 5 7 9 9 4 13 5 17 0 31 0 35 0 45 0 51 0 55
Case 277
4 5 5 7 9 9 4 13 5 17 0 31 0 35 0 45 0 55 0 59
Case 278
4 5 5 7 9 9 4 13 5 17 0 31 0 35 0 45 0 55 0 67
Case 279
4 5 5 7 9 9 4 14 5 17 0 31 0 35 0 45 0 52 0 55
Case 280
4 5 5 7 9 9 4 14 5 17 0 31 0 35 0 45 0 55 0 60
Case 281
4 5 5 7 9 9 4 14 5 17 0 31 0 35 0 45 0 55 0 68
Case 282
4 5 5 7 9 9 4 15 5 17 0 31 0 35 0 45 0 53 0 55
Case 283
4 5 5 7 9 9 4 15 5 17 0 31 0 35 0 45 0 55 0 61
Case 284
4 5 5 7 9 9 4 15 5 17 0 31 0 35 0 45 0 55 0 69
Case 285
4 5 5 7 9 9 4 16 5 17 0 31 0 35 0 45 0 54 0 55
Case 286
4 5 5 7 9 9 4 16 5 17 0 31 0 35 0 45 0 55 0 62
Case 287
4 5 5 7 9 9 4 16 5 17 0 31 0 35 0 45 0 55 0 70
Case 288
4 5 5 7 9 9 5 17 4 18 0 31 0 35 0 45 0 55 0 56
Case 289
4 5 5 7 9 9 5 17 4 18 0 31 0 35 0 45 0 55 0 64
Case 290
4 5 5 7 9 9 5 17 4 18 0 31 0 35 0 45 0 55 0 72
Case 291
4 5 5 7 9 9 5 17 4 19 0 31 0 35 0 45 0 55 0 57
Case 292
4 5 5 7 9 9 5 17 4 19 0 31 0 35 0 45 0 55 0 65
Case 293
4 5 5 7 9 9 5 17 4 19 0 31 0 35 0 45 0 55 0 73
Case 294
4 5 5 8 9 9 4 12 5 17 0 31 0 34 0 35 0 50 0 55
Case 295
4 5 5 8 9 9 4 12 5 17 0 31 0 34 0 35 0 55 0 58
Case 296
4 5 5 8 9 9 4 12 5 17 0 31 0 34 0 35 0 55 0 66
Case 297
4 5 5 8 9 9 4 13 5 17 0 31 0 34 0 35 0 51 0 55
Case 298
4 5 5 8 9 9 4 13 5 17 0 31 0 34 0 35 0 55 0 59
Case 299
4 5 5 8 9 9 4 13 5 17 0 31 0 34 0 35 0 55 0 67
Case 300
4 5 5 8 9 9 4 14 5 17 0 31 0 34 0 35 0 52 0 55
Case 301
4 5 5 8 9 9 4 14 5 17 0 31 0 34 0 35 0 55 0 60
Case 302
4 5 5 8 9 9 4 14 5 17 0 31 0 34 0 35 0 55 0 68
Case 303
4 5 5 8 9 9 4 15 5 17 0 31 0 34 0 35 0 53 0 55
Case 304
4 5 5 8 9 9 4 15 5 17 0 31 0 34 0 35 0 55 0 61
Case 305
4 5 5 8 9 9 4 15 5 17 0 31 0 34 0 35 0 55 0 69
Case 306
4 5 5 8 9 9 4 16 5 17 0 31 0 34 0 35 0 54 0 55
Case 307
4 5 5 8 9 9 4 16 5 17 0 31 0 34 0 35 0 55 0 62
Case 308
4 5 5 8 9 9 4 16 5 17 0 31 0 34 0 35 0 55 0 70
Case 309
4 5 5 8 9 9 5 17 4 18 0 31 0 34 0 35 0 55 0 56
Case 310
4 5 5 8 9 9 5 17 4 18 0 31 0 34 0 35 0 55 0 64
Case 311
4 5 5 8 9 9 5 17 4 18 0 31 0 34 0 35 0 55 0 72
Case 312
4 5 5 8 9 9 5 17 4 19 0 31 0 34 0 35 0 55 0 57
Case 313
4 5 5 8 9 9 5 17 4 19 0 31 0 34 0 35 0 55 0 65
Case 314
4 5 5 8 9 9 5 17 4 19 0 31 0 34 0 35 0 55 0 73
Case 315
4 5 5 8 9 9 4 12 5 17 0 31 0 35 0 46 0 50 0 55
Case 316
4 5 5 8 9 9 4 12 5 17 0 31 0 35 0 46 0 55 0 58
Case 317
4 5 5 8 9 9 4 12 5 17 0 31 0 35 0 46 0 55 0 66
Case 318
4 5 5 8 9 9 4 13 5 17 0 31 0 35 0 46 0 51 0 55
Case 319
4 5 5 8 9 9 4 13 5 17 0 31 0 35 0 46 0 55 0 59
Case 320
4 5 5 8 9 9 4 13 5 17 0 31 0 35 0 46 0 55 0 67
Case 321
4 5 5 8 9 9 4 14 5 17 0 31 0 35 0 46 0 52 0 55
Case 322
4 5 5 8 9 9 4 14 5 17 0 31 0 35 0 46 0 55 0 60
Case 323
4 5 5 8 9 9 4 14 5 17 0 31 0 35 0 46 0 55 0 68
Case 324
4 5 5 8 9 9 4 15 5 17 0 31 0 35 0 46 0 53 0 55
Case 325
4 5 5 8 9 9 4 15 5 17 0 31 0 35 0 46 0 55 0 61
Case 326
4 5 5 8 9 9 4 15 5 17 0 31 0 35 0 46 0 55 0 69
Case 327
4 5 5 8 9 9 4 16 5 17 0 31 0 35 0 46 0 54 0 55
Case 328
4 5 5 8 9 9 4 16 5 17 0 31 0 35 0 46 0 55 0 62
Case 329
4 5 5 8 9 9 4 16 5 17 0 31 0 35 0 46 0 55 0 70
Case 330
4 5 5 8 9 9 5 17 4 18 0 31 0 35 0 46 0 55 0 56
Case 331
4 5 5 8 9 9 5 17 4 18 0 31 0 35 0 46 0 55 0 64
Case 332
4 5 5 8 9 9 5 17 4 18 0 31 0 35 0 46 0 55 0 72
Case 333
4 5 5 8 9 9 5 17 4 19 0 31 0 35 0 46 0 55 0 57
Case 334
4 5 5 8 9 9 5 17 4 19 0 31 0 35 0 46 0 55 0 65
Case 335
4 5 5 8 9 9 5 17 4 19 0 31 0 35 0 46 0 55 0 73
Case 336
4 5 9 9 5 10 4 12 5 17 0 31 0 35 0 36 0 50 0 55
Case 337
4 5 9 9 5 10 4 12 5 17 0 31 0 35 0 36 0 55 0 58
Case 338
4 5 9 9 5 10 4 12 5 17 0 31 0 35 0 36 0 55 0 66
Case 339
4 5 9 9 5 10 4 13 5 17 0 31 0 35 0 36 0 51 0 55
Case 340
4 5 9 9 5 10 4 13 5 17 0 31 0 35 0 36 0 55 0 59
Case 341
4 5 9 9 5 10 4 13 5 17 0 31 0 35 0 36 0 55 0 67
Case 342
4 5 9 9 5 10 4 14 5 17 0 31 0 35 0 36 0 52 0 55
Case 343
4 5 9 9 5 10 4 14 5 17 0 31 0 35 0 36 0 55 0 60
Case 344
4 5 9 9 5 10 4 14 5 17 0 31 0 35 0 36 0 55 0 68
Case 345
4 5 9 9 5 10 4 15 5 17 0 31 0 35 0 36 0 53 0 55
Case 346
4 5 9 9 5 10 4 15 5 17 0 31 0 35 0 36 0 55 0 61
Case 347
4 5 9 9 5 10 4 15 5 17 0 31 0 35 0 36 0 55 0 69
Case 348
4 5 9 9 5 10 4 16 5 17 0 31 0 35 0 36 0 54 0 55
Case 349
4 5 9 9 5 10 4 16 5 17 0 31 0 35 0 36 0 55 0 62
Case 350
4 5 9 9 5 10 4 16 5 17 0 31 0 35 0 36 0 55 0 70
Case 351
4 5 9 9 5 10 5 17 4 18 0 31 0 35 0 36 0 55 0 56
Case 352
4 5 9 9 5 10 5 17 4 18 0 31 0 35 0 36 0 55 0 64
Case 353
4 5 9 9 5 10 5 17 4 18 0 31 0 35 0 36 0 55 0 72
Case 354
4 5 9 9 5 10 5 17 4 19 0 31 0 35 0 36 0 55 0 57
Case 355
4 5 9 9 5 10 5 17 4 19 0 31 0 35 0 36 0 55 0 65
Case 356
4 5 9 9 5 10 5 17 4 19 0 31 0 35 0 36 0 55 0 73
Case 357
4 5 9 9 5 10 4 12 5 17 0 31 0 35 0 48 0 50 0 55
Case 358
4 5 9 9 5 10 4 12 5 17 0 31 0 35 0 48 0 55 0 58
Case 359
4 5 9 9 5 10 4 12 5 17 0 31 0 35 0 48 0 55 0 66
Case 360
4 5 9 9 5 10 4 13 5 17 0 31 0 35 0 48 0 51 0 55
Case 361
4 5 9 9 5 10 4 13 5 17 0 31 0 35 0 48 0 55 0 59
Case 362
4 5 9 9 5 10 4 13 5 17 0 31 0 35 0 48 0 55 0 67
Case 363
4 5 9 9 5 10 4 14 5 17 0 31 0 35 0 48 0 52 0 55
Case 364
4 5 9 9 5 10 4 14 5 17 0 31 0 35 0 48 0 55 0 60
Case 365
4 5 9 9 5 10 4 14 5 17 0 31 0 35 0 48 0 55 0 68
Case 366
4 5 9 9 5 10 4 15 5 17 0 31 0 35 0 48 0 53 0 55
Case 367
4 5 9 9 5 10 4 15 5 17 0 31 0 35 0 48 0 55 0 61
Case 368
4 5 9 9 5 10 4 15 5 17 0 31 0 35 0 48 0 55 0 69
Case 369
4 5 9 9 5 10 4 16 5 17 0 31 0 35 0 48 0 54 0 55
Case 370
4 5 9 9 5 10 4 16 5 17 0 31 0 35 0 48 0 55 0 62
Case 371
4 5 9 9 5 10 4 16 5 17 0 31 0 35 0 48 0 55 0 70
Case 372
4 5 9 9 5 10 5 17 4 18 0 31 0 35 0 48 0 55 0 56
Case 373
4 5 9 9 5 10 5 17 4 18 0 31 0 35 0 48 0 55 0 64
Case 374
4 5 9 9 5 10 5 17 4 18 0 31 0 35 0 48 0 55 0 72
Case 375
4 5 9 9 5 10 5 17 4 19 0 31 0 35 0 48 0 55 0 57
Case 376
4 5 9 9 5 10 5 17 4 19 0 31 0 35 0 48 0 55 0 65
Case 377
4 5 9 9 5 10 5 17 4 19 0 31 0 35 0 48 0 55 0 73
Case 378
4 5 9 9 5 11 4 12 5 17 0 31 0 35 0 37 0 50 0 55
Case 379
4 5 9 9 5 11 4 12 5 17 0 31 0 35 0 37 0 55 0 58
Case 380
4 5 9 9 5 11 4 12 5 17 0 31 0 35 0 37 0 55 0 66
Case 381
4 5 9 9 5 11 4 13 5 17 0 31 0 35 0 37 0 51 0 55
Case 382
4 5 9 9 5 11 4 13 5 17 0 31 0 35 0 37 0 55 0 59
Case 383
4 5 9 9 5 11 4 13 5 17 0 31 0 35 0 37 0 55 0 67
Case 384
4 5 9 9 5 11 4 14 5 17 0 31 0 35 0 37 0 52 0 55
Case 385
4 5 9 9 5 11 4 14 5 17 0 31 0 35 0 37 0 55 0 60
Case 386
4 5 9 9 5 11 4 14 5 17 0 31 0 35 0 37 0 55 0 68
Case 387
4 5 9 9 5 11 4 15 5 17 0 31 0 35 0 37 0 53 0 55
Case 388
4 5 9 9 5 11 4 15 5 17 0 31 0 35 0 37 0 55 0 61
Case 389
4 5 9 9 5 11 4 15 5 17 0 31 0 35 0 37 0 55 0 69
Case 390
4 5 9 9 5 11 4 16 5 17 0 31 0 35 0 37 0 54 0 55
Case 391
4 5 9 9 5 11 4 16 5 17 0 31 0 35 0 37 0 55 0 62
Case 392
4 5 9 9 5 11 4 16 5 17 0 31 0 35 0 37 0 55 0 70
Case 393
4 5 9 9 5 11 5 17 4 18 0 31 0 35 0 37 0 55 0 56
Case 394
4 5 9 9 5 11 5 17 4 18 0 31 0 35 0 37 0 55 0 64
Case 395
4 5 9 9 5 11 5 17 4 18 0 31 0 35 0 37 0 55 0 72
Case 396
4 5 9 9 5 11 5 17 4 19 0 31 0 35 0 37 0 55 0 57
Case 397
4 5 9 9 5 11 5 17 4 19 0 31 0 35 0 37 0 55 0 65
Case 398
4 5 9 9 5 11 5 17 4 19 0 31 0 35 0 37 0 55 0 73
Case 399
4 5 9 9 5 11 4 12 5 17 0 31 0 35 0 49 0 50 0 55
Case 400
4 5 9 9 5 11 4 12 5 17 0 31 0 35 0 49 0 55 0 58
Case 401
4 5 9 9 5 11 4 12 5 17 0 31 0 35 0 49 0 55 0 66
Case 402
4 5 9 9 5 11 4 13 5 17 0 31 0 35 0 49 0 51 0 55
Case 403
4 5 9 9 5 11 4 13 5 17 0 31 0 35 0 49 0 55 0 59
Case 404
4 5 9 9 5 11 4 13 5 17 0 31 0 35 0 49 0 55 0 67
Case 405
4 5 9 9 5 11 4 14 5 17 0 31 0 35 0 49 0 52 0 55
Case 406
4 5 9 9 5 11 4 14 5 17 0 31 0 35 0 49 0 55 0 60
Case 407
4 5 9 9 5 11 4 14 5 17 0 31 0 35 0 49 0 55 0 68
Case 408
4 5 9 9 5 11 4 15 5 17 0 31 0 35 0 49 0 53 0 55
Case 409
4 5 9 9 5 11 4 15 5 17 0 31 0 35 0 49 0 55 0 61
Case 410
4 5 9 9 5 11 4 15 5 17 0 31 0 35 0 49 0 55 0 69
Case 411
4 5 9 9 5 11 4 16 5 17 0 31 0 35 0 49 0 54 0 55
Case 412
4 5 9 9 5 11 4 16 5 17 0 31 0 35 0 49 0 55 0 62
Case 413
4 5 9 9 5 11 4 16 5 17 0 31 0 35 0 49 0 55 0 70
Case 414
4 5 9 9 5 11 5 17 4 18 0 31 0 35 0 49 0 55 0 56
Case 415
4 5 9 9 5 11 5 17 4 18 0 31 0 35 0 49 0 55 0 64
Case 416
4 5 9 9 5 11 5 17 4 18 0 31 0 35 0 49 0 55 0 72
Case 417
4 5 9 9 5 11 5 17 4 19 0 31 0 35 0 49 0 55 0 57
Case 418
4 5 9 9 5 11 5 17 4 19 0 31 0 35 0 49 0 55 0 65
Case 419
4 5 9 9 5 11 5 17 4 19 0 31 0 35 0 49 0 55 0 73
