Case 0
5 4 4 5 7 6 6 7 9 9 11 11 4 16 5 17 6 18 7 19 4 20 5 21 0 30 0 31 0 32 0 33 0 35 0 37 0 54 0 55 0 56 0 57
Case 1
5 4 4 5 7 6 6 7 9 9 11 11 4 16 5 17 6 18 7 19 5 20 4 21 0 30 0 31 0 32 0 33 0 35 0 37 0 54 0 55 0 56 0 57
Case 2
5 4 4 5 7 6 6 7 9 9 11 11 4 16 5 17 6 18 7 19 4 22 5 23 0 30 0 31 0 32 0 33 0 35 0 37 0 54 0 55 0 56 0 57
Case 3
5 4 4 5 7 6 6 7 9 9 11 11 4 16 5 17 6 18 7 19 5 22 4 23 0 30 0 31 0 32 0 33 0 35 0 37 0 54 0 55 0 56 0 57
Case 4
5 4 4 5 7 6 6 7 9 9 11 11 4 16 5 17 6 18 7 19 4 24 5 25 0 30 0 31 0 32 0 33 0 35 0 37 0 54 0 55 0 56 0 57
Case 5
5 4 4 5 7 6 6 7 9 9 11 11 4 16 5 17 6 18 7 19 5 24 4 25 0 30 0 31 0 32 0 33 0 35 0 37 0 54 0 55 0 56 0 57
