Case 0
6 0 5 4 4 5 7 6 9 9 11 11 7 12 4 16 5 17 6 18 4 24 5 25 0 26 0 30 0 31 0 32 0 35 0 37 0 50 0 54 0 55 0 56
Case 1
6 0 5 4 4 5 7 6 9 9 11 11 7 12 4 16 5 17 6 18 4 24 5 25 0 26 0 30 0 31 0 32 0 35 0 37 0 54 0 55 0 56 0 58
Case 2
6 0 5 4 4 5 7 6 9 9 11 11 7 12 4 16 5 17 6 18 4 24 5 25 0 26 0 30 0 31 0 32 0 35 0 37 0 54 0 55 0 56 0 66
Case 3
6 0 5 4 4 5 7 6 9 9 11 11 7 13 4 16 5 17 6 18 4 24 5 25 0 26 0 30 0 31 0 32 0 35 0 37 0 51 0 54 0 55 0 56
Case 4
6 0 5 4 4 5 7 6 9 9 11 11 7 13 4 16 5 17 6 18 4 24 5 25 0 26 0 30 0 31 0 32 0 35 0 37 0 54 0 55 0 56 0 59
Case 5
6 0 5 4 4 5 7 6 9 9 11 11 7 13 4 16 5 17 6 18 4 24 5 25 0 26 0 30 0 31 0 32 0 35 0 37 0 54 0 55 0 56 0 67
Case 6
6 0 5 4 4 5 7 6 9 9 11 11 7 14 4 16 5 17 6 18 4 24 5 25 0 26 0 30 0 31 0 32 0 35 0 37 0 52 0 54 0 55 0 56
Case 7
6 0 5 4 4 5 7 6 9 9 11 11 7 14 4 16 5 17 6 18 4 24 5 25 0 26 0 30 0 31 0 32 0 35 0 37 0 54 0 55 0 56 0 60
Case 8
6 0 5 4 4 5 7 6 9 9 11 11 7 14 4 16 5 17 6 18 4 24 5 25 0 26 0 30 0 31 0 32 0 35 0 37 0 54 0 55 0 56 0 68
Case 9
6 0 5 4 4 5 7 6 9 9 11 11 7 15 4 16 5 17 6 18 4 24 5 25 0 26 0 30 0 31 0 32 0 35 0 37 0 53 0 54 0 55 0 56
Case 10
6 0 5 4 4 5 7 6 9 9 11 11 7 15 4 16 5 17 6 18 4 24 5 25 0 26 0 30 0 31 0 32 0 35 0 37 0 54 0 55 0 56 0 61
Case 11
6 0 5 4 4 5 7 6 9 9 11 11 7 15 4 16 5 17 6 18 4 24 5 25 0 26 0 30 0 31 0 32 0 35 0 37 0 54 0 55 0 56 0 69
Case 12
6 0 5 4 4 5 7 6 9 9 11 11 4 16 5 17 6 18 7 19 4 24 5 25 0 26 0 30 0 31 0 32 0 35 0 37 0 54 0 55 0 56 0 57
Case 13
6 0 5 4 4 5 7 6 9 9 11 11 4 16 5 17 6 18 7 19 4 24 5 25 0 26 0 30 0 31 0 32 0 35 0 37 0 54 0 55 0 56 0 65
Case 14
6 0 5 4 4 5 7 6 9 9 11 11 4 16 5 17 6 18 7 19 4 24 5 25 0 26 0 30 0 31 0 32 0 35 0 37 0 54 0 55 0 56 0 73
Case 15
6 0 5 4 4 5 7 6 9 9 11 11 7 12 4 16 5 17 6 18 4 24 5 25 0 30 0 31 0 32 0 35 0 37 0 38 0 50 0 54 0 55 0 56
Case 16
6 0 5 4 4 5 7 6 9 9 11 11 7 12 4 16 5 17 6 18 4 24 5 25 0 30 0 31 0 32 0 35 0 37 0 38 0 54 0 55 0 56 0 58
Case 17
6 0 5 4 4 5 7 6 9 9 11 11 7 12 4 16 5 17 6 18 4 24 5 25 0 30 0 31 0 32 0 35 0 37 0 38 0 54 0 55 0 56 0 66
Case 18
6 0 5 4 4 5 7 6 9 9 11 11 7 13 4 16 5 17 6 18 4 24 5 25 0 30 0 31 0 32 0 35 0 37 0 38 0 51 0 54 0 55 0 56
Case 19
6 0 5 4 4 5 7 6 9 9 11 11 7 13 4 16 5 17 6 18 4 24 5 25 0 30 0 31 0 32 0 35 0 37 0 38 0 54 0 55 0 56 0 59
Case 20
6 0 5 4 4 5 7 6 9 9 11 11 7 13 4 16 5 17 6 18 4 24 5 25 0 30 0 31 0 32 0 35 0 37 0 38 0 54 0 55 0 56 0 67
Case 21
6 0 5 4 4 5 7 6 9 9 11 11 7 14 4 16 5 17 6 18 4 24 5 25 0 30 0 31 0 32 0 35 0 37 0 38 0 52 0 54 0 55 0 56
Case 22
6 0 5 4 4 5 7 6 9 9 11 11 7 14 4 16 5 17 6 18 4 24 5 25 0 30 0 31 0 32 0 35 0 37 0 38 0 54 0 55 0 56 0 60
Case 23
6 0 5 4 4 5 7 6 9 9 11 11 7 14 4 16 5 17 6 18 4 24 5 25 0 30 0 31 0 32 0 35 0 37 0 38 0 54 0 55 0 56 0 68
Case 24
6 0 5 4 4 5 7 6 9 9 11 11 7 15 4 16 5 17 6 18 4 24 5 25 0 30 0 31 0 32 0 35 0 37 0 38 0 53 0 54 0 55 0 56
Case 25
6 0 5 4 4 5 7 6 9 9 11 11 7 15 4 16 5 17 6 18 4 24 5 25 0 30 0 31 0 32 0 35 0 37 0 38 0 54 0 55 0 56 0 61
Case 26
6 0 5 4 4 5 7 6 9 9 11 11 7 15 4 16 5 17 6 18 4 24 5 25 0 30 0 31 0 32 0 35 0 37 0 38 0 54 0 55 0 56 0 69
Case 27
6 0 5 4 4 5 7 6 9 9 11 11 4 16 5 17 6 18 7 19 4 24 5 25 0 30 0 31 0 32 0 35 0 37 0 38 0 54 0 55 0 56 0 57
Case 28
6 0 5 4 4 5 7 6 9 9 11 11 4 16 5 17 6 18 7 19 4 24 5 25 0 30 0 31 0 32 0 35 0 37 0 38 0 54 0 55 0 56 0 65
Case 29
6 0 5 4 4 5 7 6 9 9 11 11 4 16 5 17 6 18 7 19 4 24 5 25 0 30 0 31 0 32 0 35 0 37 0 38 0 54 0 55 0 56 0 73
Case 30
6 1 5 4 4 5 7 6 9 9 11 11 7 12 4 16 5 17 6 18 4 24 5 25 0 27 0 30 0 31 0 32 0 35 0 37 0 50 0 54 0 55 0 56
Case 31
6 1 5 4 4 5 7 6 9 9 11 11 7 12 4 16 5 17 6 18 4 24 5 25 0 27 0 30 0 31 0 32 0 35 0 37 0 54 0 55 0 56 0 58
Case 32
6 1 5 4 4 5 7 6 9 9 11 11 7 12 4 16 5 17 6 18 4 24 5 25 0 27 0 30 0 31 0 32 0 35 0 37 0 54 0 55 0 56 0 66
Case 33
6 1 5 4 4 5 7 6 9 9 11 11 7 13 4 16 5 17 6 18 4 24 5 25 0 27 0 30 0 31 0 32 0 35 0 37 0 51 0 54 0 55 0 56
Case 34
6 1 5 4 4 5 7 6 9 9 11 11 7 13 4 16 5 17 6 18 4 24 5 25 0 27 0 30 0 31 0 32 0 35 0 37 0 54 0 55 0 56 0 59
Case 35
6 1 5 4 4 5 7 6 9 9 11 11 7 13 4 16 5 17 6 18 4 24 5 25 0 27 0 30 0 31 0 32 0 35 0 37 0 54 0 55 0 56 0 67
Case 36
6 1 5 4 4 5 7 6 9 9 11 11 7 14 4 16 5 17 6 18 4 24 5 25 0 27 0 30 0 31 0 32 0 35 0 37 0 52 0 54 0 55 0 56
Case 37
6 1 5 4 4 5 7 6 9 9 11 11 7 14 4 16 5 17 6 18 4 24 5 25 0 27 0 30 0 31 0 32 0 35 0 37 0 54 0 55 0 56 0 60
Case 38
6 1 5 4 4 5 7 6 9 9 11 11 7 14 4 16 5 17 6 18 4 24 5 25 0 27 0 30 0 31 0 32 0 35 0 37 0 54 0 55 0 56 0 68
Case 39
6 1 5 4 4 5 7 6 9 9 11 11 7 15 4 16 5 17 6 18 4 24 5 25 0 27 0 30 0 31 0 32 0 35 0 37 0 53 0 54 0 55 0 56
Case 40
6 1 5 4 4 5 7 6 9 9 11 11 7 15 4 16 5 17 6 18 4 24 5 25 0 27 0 30 0 31 0 32 0 35 0 37 0 54 0 55 0 56 0 61
Case 41
6 1 5 4 4 5 7 6 9 9 11 11 7 15 4 16 5 17 6 18 4 24 5 25 0 27 0 30 0 31 0 32 0 35 0 37 0 54 0 55 0 56 0 69
Case 42
6 1 5 4 4 5 7 6 9 9 11 11 4 16 5 17 6 18 7 19 4 24 5 25 0 27 0 30 0 31 0 32 0 35 0 37 0 54 0 55 0 56 0 57
Case 43
6 1 5 4 4 5 7 6 9 9 11 11 4 16 5 17 6 18 7 19 4 24 5 25 0 27 0 30 0 31 0 32 0 35 0 37 0 54 0 55 0 56 0 65
Case 44
6 1 5 4 4 5 7 6 9 9 11 11 4 16 5 17 6 18 7 19 4 24 5 25 0 27 0 30 0 31 0 32 0 35 0 37 0 54 0 55 0 56 0 73
Case 45
6 1 5 4 4 5 7 6 9 9 11 11 7 12 4 16 5 17 6 18 4 24 5 25 0 30 0 31 0 32 0 35 0 37 0 39 0 50 0 54 0 55 0 56
Case 46
6 1 5 4 4 5 7 6 9 9 11 11 7 12 4 16 5 17 6 18 4 24 5 25 0 30 0 31 0 32 0 35 0 37 0 39 0 54 0 55 0 56 0 58
Case 47
6 1 5 4 4 5 7 6 9 9 11 11 7 12 4 16 5 17 6 18 4 24 5 25 0 30 0 31 0 32 0 35 0 37 0 39 0 54 0 55 0 56 0 66
Case 48
6 1 5 4 4 5 7 6 9 9 11 11 7 13 4 16 5 17 6 18 4 24 5 25 0 30 0 31 0 32 0 35 0 37 0 39 0 51 0 54 0 55 0 56
Case 49
6 1 5 4 4 5 7 6 9 9 11 11 7 13 4 16 5 17 6 18 4 24 5 25 0 30 0 31 0 32 0 35 0 37 0 39 0 54 0 55 0 56 0 59
Case 50
6 1 5 4 4 5 7 6 9 9 11 11 7 13 4 16 5 17 6 18 4 24 5 25 0 30 0 31 0 32 0 35 0 37 0 39 0 54 0 55 0 56 0 67
Case 51
6 1 5 4 4 5 7 6 9 9 11 11 7 14 4 16 5 17 6 18 4 24 5 25 0 30 0 31 0 32 0 35 0 37 0 39 0 52 0 54 0 55 0 56
Case 52
6 1 5 4 4 5 7 6 9 9 11 11 7 14 4 16 5 17 6 18 4 24 5 25 0 30 0 31 0 32 0 35 0 37 0 39 0 54 0 55 0 56 0 60
Case 53
6 1 5 4 4 5 7 6 9 9 11 11 7 14 4 16 5 17 6 18 4 24 5 25 0 30 0 31 0 32 0 35 0 37 0 39 0 54 0 55 0 56 0 68
Case 54
6 1 5 4 4 5 7 6 9 9 11 11 7 15 4 16 5 17 6 18 4 24 5 25 0 30 0 31 0 32 0 35 0 37 0 39 0 53 0 54 0 55 0 56
Case 55
6 1 5 4 4 5 7 6 9 9 11 11 7 15 4 16 5 17 6 18 4 24 5 25 0 30 0 31 0 32 0 35 0 37 0 39 0 54 0 55 0 56 0 61
Case 56
6 1 5 4 4 5 7 6 9 9 11 11 7 15 4 16 5 17 6 18 4 24 5 25 0 30 0 31 0 32 0 35 0 37 0 39 0 54 0 55 0 56 0 69
Case 57
6 1 5 4 4 5 7 6 9 9 11 11 4 16 5 17 6 18 7 19 4 24 5 25 0 30 0 31 0 32 0 35 0 37 0 39 0 54 0 55 0 56 0 57
Case 58
6 1 5 4 4 5 7 6 9 9 11 11 4 16 5 17 6 18 7 19 4 24 5 25 0 30 0 31 0 32 0 35 0 37 0 39 0 54 0 55 0 56 0 65
Case 59
6 1 5 4 4 5 7 6 9 9 11 11 4 16 5 17 6 18 7 19 4 24 5 25 0 30 0 31 0 32 0 35 0 37 0 39 0 54 0 55 0 56 0 73
Case 60
6 2 5 4 4 5 7 6 9 9 11 11 7 12 4 16 5 17 6 18 4 24 5 25 0 28 0 30 0 31 0 32 0 35 0 37 0 50 0 54 0 55 0 56
Case 61
6 2 5 4 4 5 7 6 9 9 11 11 7 12 4 16 5 17 6 18 4 24 5 25 0 28 0 30 0 31 0 32 0 35 0 37 0 54 0 55 0 56 0 58
Case 62
6 2 5 4 4 5 7 6 9 9 11 11 7 12 4 16 5 17 6 18 4 24 5 25 0 28 0 30 0 31 0 32 0 35 0 37 0 54 0 55 0 56 0 66
Case 63
6 2 5 4 4 5 7 6 9 9 11 11 7 13 4 16 5 17 6 18 4 24 5 25 0 28 0 30 0 31 0 32 0 35 0 37 0 51 0 54 0 55 0 56
Case 64
6 2 5 4 4 5 7 6 9 9 11 11 7 13 4 16 5 17 6 18 4 24 5 25 0 28 0 30 0 31 0 32 0 35 0 37 0 54 0 55 0 56 0 59
Case 65
6 2 5 4 4 5 7 6 9 9 11 11 7 13 4 16 5 17 6 18 4 24 5 25 0 28 0 30 0 31 0 32 0 35 0 37 0 54 0 55 0 56 0 67
Case 66
6 2 5 4 4 5 7 6 9 9 11 11 7 14 4 16 5 17 6 18 4 24 5 25 0 28 0 30 0 31 0 32 0 35 0 37 0 52 0 54 0 55 0 56
Case 67
6 2 5 4 4 5 7 6 9 9 11 11 7 14 4 16 5 17 6 18 4 24 5 25 0 28 0 30 0 31 0 32 0 35 0 37 0 54 0 55 0 56 0 60
Case 68
6 2 5 4 4 5 7 6 9 9 11 11 7 14 4 16 5 17 6 18 4 24 5 25 0 28 0 30 0 31 0 32 0 35 0 37 0 54 0 55 0 56 0 68
Case 69
6 2 5 4 4 5 7 6 9 9 11 11 7 15 4 16 5 17 6 18 4 24 5 25 0 28 0 30 0 31 0 32 0 35 0 37 0 53 0 54 0 55 0 56
Case 70
6 2 5 4 4 5 7 6 9 9 11 11 7 15 4 16 5 17 6 18 4 24 5 25 0 28 0 30 0 31 0 32 0 35 0 37 0 54 0 55 0 56 0 61
Case 71
6 2 5 4 4 5 7 6 9 9 11 11 7 15 4 16 5 17 6 18 4 24 5 25 0 28 0 30 0 31 0 32 0 35 0 37 0 54 0 55 0 56 0 69
Case 72
6 2 5 4 4 5 7 6 9 9 11 11 4 16 5 17 6 18 7 19 4 24 5 25 0 28 0 30 0 31 0 32 0 35 0 37 0 54 0 55 0 56 0 57
Case 73
6 2 5 4 4 5 7 6 9 9 11 11 4 16 5 17 6 18 7 19 4 24 5 25 0 28 0 30 0 31 0 32 0 35 0 37 0 54 0 55 0 56 0 65
Case 74
6 2 5 4 4 5 7 6 9 9 11 11 4 16 5 17 6 18 7 19 4 24 5 25 0 28 0 30 0 31 0 32 0 35 0 37 0 54 0 55 0 56 0 73
Case 75
6 2 5 4 4 5 7 6 9 9 11 11 7 12 4 16 5 17 6 18 4 24 5 25 0 30 0 31 0 32 0 35 0 37 0 40 0 50 0 54 0 55 0 56
Case 76
6 2 5 4 4 5 7 6 9 9 11 11 7 12 4 16 5 17 6 18 4 24 5 25 0 30 0 31 0 32 0 35 0 37 0 40 0 54 0 55 0 56 0 58
Case 77
6 2 5 4 4 5 7 6 9 9 11 11 7 12 4 16 5 17 6 18 4 24 5 25 0 30 0 31 0 32 0 35 0 37 0 40 0 54 0 55 0 56 0 66
Case 78
6 2 5 4 4 5 7 6 9 9 11 11 7 13 4 16 5 17 6 18 4 24 5 25 0 30 0 31 0 32 0 35 0 37 0 40 0 51 0 54 0 55 0 56
Case 79
6 2 5 4 4 5 7 6 9 9 11 11 7 13 4 16 5 17 6 18 4 24 5 25 0 30 0 31 0 32 0 35 0 37 0 40 0 54 0 55 0 56 0 59
Case 80
6 2 5 4 4 5 7 6 9 9 11 11 7 13 4 16 5 17 6 18 4 24 5 25 0 30 0 31 0 32 0 35 0 37 0 40 0 54 0 55 0 56 0 67
Case 81
6 2 5 4 4 5 7 6 9 9 11 11 7 14 4 16 5 17 6 18 4 24 5 25 0 30 0 31 0 32 0 35 0 37 0 40 0 52 0 54 0 55 0 56
Case 82
6 2 5 4 4 5 7 6 9 9 11 11 7 14 4 16 5 17 6 18 4 24 5 25 0 30 0 31 0 32 0 35 0 37 0 40 0 54 0 55 0 56 0 60
Case 83
6 2 5 4 4 5 7 6 9 9 11 11 7 14 4 16 5 17 6 18 4 24 5 25 0 30 0 31 0 32 0 35 0 37 0 40 0 54 0 55 0 56 0 68
Case 84
6 2 5 4 4 5 7 6 9 9 11 11 7 15 4 16 5 17 6 18 4 24 5 25 0 30 0 31 0 32 0 35 0 37 0 40 0 53 0 54 0 55 0 56
Case 85
6 2 5 4 4 5 7 6 9 9 11 11 7 15 4 16 5 17 6 18 4 24 5 25 0 30 0 31 0 32 0 35 0 37 0 40 0 54 0 55 0 56 0 61
Case 86
6 2 5 4 4 5 7 6 9 9 11 11 7 15 4 16 5 17 6 18 4 24 5 25 0 30 0 31 0 32 0 35 0 37 0 40 0 54 0 55 0 56 0 69
Case 87
6 2 5 4 4 5 7 6 9 9 11 11 4 16 5 17 6 18 7 19 4 24 5 25 0 30 0 31 0 32 0 35 0 37 0 40 0 54 0 55 0 56 0 57
Case 88
6 2 5 4 4 5 7 6 9 9 11 11 4 16 5 17 6 18 7 19 4 24 5 25 0 30 0 31 0 32 0 35 0 37 0 40 0 54 0 55 0 56 0 65
Case 89
6 2 5 4 4 5 7 6 9 9 11 11 4 16 5 17 6 18 7 19 4 24 5 25 0 30 0 31 0 32 0 35 0 37 0 40 0 54 0 55 0 56 0 73
Case 90
6 3 5 4 4 5 7 6 9 9 11 11 7 12 4 16 5 17 6 18 4 24 5 25 0 29 0 30 0 31 0 32 0 35 0 37 0 50 0 54 0 55 0 56
Case 91
6 3 5 4 4 5 7 6 9 9 11 11 7 12 4 16 5 17 6 18 4 24 5 25 0 29 0 30 0 31 0 32 0 35 0 37 0 54 0 55 0 56 0 58
Case 92
6 3 5 4 4 5 7 6 9 9 11 11 7 12 4 16 5 17 6 18 4 24 5 25 0 29 0 30 0 31 0 32 0 35 0 37 0 54 0 55 0 56 0 66
Case 93
6 3 5 4 4 5 7 6 9 9 11 11 7 13 4 16 5 17 6 18 4 24 5 25 0 29 0 30 0 31 0 32 0 35 0 37 0 51 0 54 0 55 0 56
Case 94
6 3 5 4 4 5 7 6 9 9 11 11 7 13 4 16 5 17 6 18 4 24 5 25 0 29 0 30 0 31 0 32 0 35 0 37 0 54 0 55 0 56 0 59
Case 95
6 3 5 4 4 5 7 6 9 9 11 11 7 13 4 16 5 17 6 18 4 24 5 25 0 29 0 30 0 31 0 32 0 35 0 37 0 54 0 55 0 56 0 67
Case 96
6 3 5 4 4 5 7 6 9 9 11 11 7 14 4 16 5 17 6 18 4 24 5 25 0 29 0 30 0 31 0 32 0 35 0 37 0 52 0 54 0 55 0 56
Case 97
6 3 5 4 4 5 7 6 9 9 11 11 7 14 4 16 5 17 6 18 4 24 5 25 0 29 0 30 0 31 0 32 0 35 0 37 0 54 0 55 0 56 0 60
Case 98
6 3 5 4 4 5 7 6 9 9 11 11 7 14 4 16 5 17 6 18 4 24 5 25 0 29 0 30 0 31 0 32 0 35 0 37 0 54 0 55 0 56 0 68
Case 99
6 3 5 4 4 5 7 6 9 9 11 11 7 15 4 16 5 17 6 18 4 24 5 25 0 29 0 30 0 31 0 32 0 35 0 37 0 53 0 54 0 55 0 56
Case 100
6 3 5 4 4 5 7 6 9 9 11 11 7 15 4 16 5 17 6 18 4 24 5 25 0 29 0 30 0 31 0 32 0 35 0 37 0 54 0 55 0 56 0 61
Case 101
6 3 5 4 4 5 7 6 9 9 11 11 7 15 4 16 5 17 6 18 4 24 5 25 0 29 0 30 0 31 0 32 0 35 0 37 0 54 0 55 0 56 0 69
Case 102
6 3 5 4 4 5 7 6 9 9 11 11 4 16 5 17 6 18 7 19 4 24 5 25 0 29 0 30 0 31 0 32 0 35 0 37 0 54 0 55 0 56 0 57
Case 103
6 3 5 4 4 5 7 6 9 9 11 11 4 16 5 17 6 18 7 19 4 24 5 25 0 29 0 30 0 31 0 32 0 35 0 37 0 54 0 55 0 56 0 65
Case 104
6 3 5 4 4 5 7 6 9 9 11 11 4 16 5 17 6 18 7 19 4 24 5 25 0 29 0 30 0 31 0 32 0 35 0 37 0 54 0 55 0 56 0 73
Case 105
6 3 5 4 4 5 7 6 9 9 11 11 7 12 4 16 5 17 6 18 4 24 5 25 0 30 0 31 0 32 0 35 0 37 0 41 0 50 0 54 0 55 0 56
Case 106
6 3 5 4 4 5 7 6 9 9 11 11 7 12 4 16 5 17 6 18 4 24 5 25 0 30 0 31 0 32 0 35 0 37 0 41 0 54 0 55 0 56 0 58
Case 107
6 3 5 4 4 5 7 6 9 9 11 11 7 12 4 16 5 17 6 18 4 24 5 25 0 30 0 31 0 32 0 35 0 37 0 41 0 54 0 55 0 56 0 66
Case 108
6 3 5 4 4 5 7 6 9 9 11 11 7 13 4 16 5 17 6 18 4 24 5 25 0 30 0 31 0 32 0 35 0 37 0 41 0 51 0 54 0 55 0 56
Case 109
6 3 5 4 4 5 7 6 9 9 11 11 7 13 4 16 5 17 6 18 4 24 5 25 0 30 0 31 0 32 0 35 0 37 0 41 0 54 0 55 0 56 0 59
Case 110
6 3 5 4 4 5 7 6 9 9 11 11 7 13 4 16 5 17 6 18 4 24 5 25 0 30 0 31 0 32 0 35 0 37 0 41 0 54 0 55 0 56 0 67
Case 111
6 3 5 4 4 5 7 6 9 9 11 11 7 14 4 16 5 17 6 18 4 24 5 25 0 30 0 31 0 32 0 35 0 37 0 41 0 52 0 54 0 55 0 56
Case 112
6 3 5 4 4 5 7 6 9 9 11 11 7 14 4 16 5 17 6 18 4 24 5 25 0 30 0 31 0 32 0 35 0 37 0 41 0 54 0 55 0 56 0 60
Case 113
6 3 5 4 4 5 7 6 9 9 11 11 7 14 4 16 5 17 6 18 4 24 5 25 0 30 0 31 0 32 0 35 0 37 0 41 0 54 0 55 0 56 0 68
Case 114
6 3 5 4 4 5 7 6 9 9 11 11 7 15 4 16 5 17 6 18 4 24 5 25 0 30 0 31 0 32 0 35 0 37 0 41 0 53 0 54 0 55 0 56
Case 115
6 3 5 4 4 5 7 6 9 9 11 11 7 15 4 16 5 17 6 18 4 24 5 25 0 30 0 31 0 32 0 35 0 37 0 41 0 54 0 55 0 56 0 61
Case 116
6 3 5 4 4 5 7 6 9 9 11 11 7 15 4 16 5 17 6 18 4 24 5 25 0 30 0 31 0 32 0 35 0 37 0 41 0 54 0 55 0 56 0 69
Case 117
6 3 5 4 4 5 7 6 9 9 11 11 4 16 5 17 6 18 7 19 4 24 5 25 0 30 0 31 0 32 0 35 0 37 0 41 0 54 0 55 0 56 0 57
Case 118
6 3 5 4 4 5 7 6 9 9 11 11 4 16 5 17 6 18 7 19 4 24 5 25 0 30 0 31 0 32 0 35 0 37 0 41 0 54 0 55 0 56 0 65
Case 119
6 3 5 4 4 5 7 6 9 9 11 11 4 16 5 17 6 18 7 19 4 24 5 25 0 30 0 31 0 32 0 35 0 37 0 41 0 54 0 55 0 56 0 73
Case 120
5 4 4 5 7 6 6 7 9 9 11 11 7 12 4 16 5 17 6 18 4 24 5 25 0 30 0 31 0 32 0 33 0 35 0 37 0 50 0 54 0 55 0 56
Case 121
5 4 4 5 7 6 6 7 9 9 11 11 7 12 4 16 5 17 6 18 4 24 5 25 0 30 0 31 0 32 0 33 0 35 0 37 0 54 0 55 0 56 0 58
Case 122
5 4 4 5 7 6 6 7 9 9 11 11 7 12 4 16 5 17 6 18 4 24 5 25 0 30 0 31 0 32 0 33 0 35 0 37 0 54 0 55 0 56 0 66
Case 123
5 4 4 5 7 6 6 7 9 9 11 11 7 13 4 16 5 17 6 18 4 24 5 25 0 30 0 31 0 32 0 33 0 35 0 37 0 51 0 54 0 55 0 56
Case 124
5 4 4 5 7 6 6 7 9 9 11 11 7 13 4 16 5 17 6 18 4 24 5 25 0 30 0 31 0 32 0 33 0 35 0 37 0 54 0 55 0 56 0 59
Case 125
5 4 4 5 7 6 6 7 9 9 11 11 7 13 4 16 5 17 6 18 4 24 5 25 0 30 0 31 0 32 0 33 0 35 0 37 0 54 0 55 0 56 0 67
Case 126
5 4 4 5 7 6 6 7 9 9 11 11 7 14 4 16 5 17 6 18 4 24 5 25 0 30 0 31 0 32 0 33 0 35 0 37 0 52 0 54 0 55 0 56
Case 127
5 4 4 5 7 6 6 7 9 9 11 11 7 14 4 16 5 17 6 18 4 24 5 25 0 30 0 31 0 32 0 33 0 35 0 37 0 54 0 55 0 56 0 60
Case 128
5 4 4 5 7 6 6 7 9 9 11 11 7 14 4 16 5 17 6 18 4 24 5 25 0 30 0 31 0 32 0 33 0 35 0 37 0 54 0 55 0 56 0 68
Case 129
5 4 4 5 7 6 6 7 9 9 11 11 7 15 4 16 5 17 6 18 4 24 5 25 0 30 0 31 0 32 0 33 0 35 0 37 0 53 0 54 0 55 0 56
Case 130
5 4 4 5 7 6 6 7 9 9 11 11 7 15 4 16 5 17 6 18 4 24 5 25 0 30 0 31 0 32 0 33 0 35 0 37 0 54 0 55 0 56 0 61
Case 131
5 4 4 5 7 6 6 7 9 9 11 11 7 15 4 16 5 17 6 18 4 24 5 25 0 30 0 31 0 32 0 33 0 35 0 37 0 54 0 55 0 56 0 69
Case 132
5 4 4 5 7 6 6 7 9 9 11 11 4 16 5 17 6 18 7 19 4 24 5 25 0 30 0 31 0 32 0 33 0 35 0 37 0 54 0 55 0 56 0 57
Case 133
5 4 4 5 7 6 6 7 9 9 11 11 4 16 5 17 6 18 7 19 4 24 5 25 0 30 0 31 0 32 0 33 0 35 0 37 0 54 0 55 0 56 0 65
Case 134
5 4 4 5 7 6 6 7 9 9 11 11 4 16 5 17 6 18 7 19 4 24 5 25 0 30 0 31 0 32 0 33 0 35 0 37 0 54 0 55 0 56 0 73
Case 135
5 4 4 5 7 6 6 7 9 9 11 11 7 12 4 16 5 17 6 18 4 24 5 25 0 30 0 31 0 32 0 35 0 37 0 45 0 50 0 54 0 55 0 56
Case 136
5 4 4 5 7 6 6 7 9 9 11 11 7 12 4 16 5 17 6 18 4 24 5 25 0 30 0 31 0 32 0 35 0 37 0 45 0 54 0 55 0 56 0 58
Case 137
5 4 4 5 7 6 6 7 9 9 11 11 7 12 4 16 5 17 6 18 4 24 5 25 0 30 0 31 0 32 0 35 0 37 0 45 0 54 0 55 0 56 0 66
Case 138
5 4 4 5 7 6 6 7 9 9 11 11 7 13 4 16 5 17 6 18 4 24 5 25 0 30 0 31 0 32 0 35 0 37 0 45 0 51 0 54 0 55 0 56
Case 139
5 4 4 5 7 6 6 7 9 9 11 11 7 13 4 16 5 17 6 18 4 24 5 25 0 30 0 31 0 32 0 35 0 37 0 45 0 54 0 55 0 56 0 59
Case 140
5 4 4 5 7 6 6 7 9 9 11 11 7 13 4 16 5 17 6 18 4 24 5 25 0 30 0 31 0 32 0 35 0 37 0 45 0 54 0 55 0 56 0 67
Case 141
5 4 4 5 7 6 6 7 9 9 11 11 7 14 4 16 5 17 6 18 4 24 5 25 0 30 0 31 0 32 0 35 0 37 0 45 0 52 0 54 0 55 0 56
Case 142
5 4 4 5 7 6 6 7 9 9 11 11 7 14 4 16 5 17 6 18 4 24 5 25 0 30 0 31 0 32 0 35 0 37 0 45 0 54 0 55 0 56 0 60
Case 143
5 4 4 5 7 6 6 7 9 9 11 11 7 14 4 16 5 17 6 18 4 24 5 25 0 30 0 31 0 32 0 35 0 37 0 45 0 54 0 55 0 56 0 68
Case 144
5 4 4 5 7 6 6 7 9 9 11 11 7 15 4 16 5 17 6 18 4 24 5 25 0 30 0 31 0 32 0 35 0 37 0 45 0 53 0 54 0 55 0 56
Case 145
5 4 4 5 7 6 6 7 9 9 11 11 7 15 4 16 5 17 6 18 4 24 5 25 0 30 0 31 0 32 0 35 0 37 0 45 0 54 0 55 0 56 0 61
Case 146
5 4 4 5 7 6 6 7 9 9 11 11 7 15 4 16 5 17 6 18 4 24 5 25 0 30 0 31 0 32 0 35 0 37 0 45 0 54 0 55 0 56 0 69
Case 147
5 4 4 5 7 6 6 7 9 9 11 11 4 16 5 17 6 18 7 19 4 24 5 25 0 30 0 31 0 32 0 35 0 37 0 45 0 54 0 55 0 56 0 57
Case 148
5 4 4 5 7 6 6 7 9 9 11 11 4 16 5 17 6 18 7 19 4 24 5 25 0 30 0 31 0 32 0 35 0 37 0 45 0 54 0 55 0 56 0 65
Case 149
5 4 4 5 7 6 6 7 9 9 11 11 4 16 5 17 6 18 7 19 4 24 5 25 0 30 0 31 0 32 0 35 0 37 0 45 0 54 0 55 0 56 0 73
Case 150
5 4 4 5 7 6 6 8 9 9 11 11 7 12 4 16 5 17 6 18 4 24 5 25 0 30 0 31 0 32 0 34 0 35 0 37 0 50 0 54 0 55 0 56
Case 151
5 4 4 5 7 6 6 8 9 9 11 11 7 12 4 16 5 17 6 18 4 24 5 25 0 30 0 31 0 32 0 34 0 35 0 37 0 54 0 55 0 56 0 58
Case 152
5 4 4 5 7 6 6 8 9 9 11 11 7 12 4 16 5 17 6 18 4 24 5 25 0 30 0 31 0 32 0 34 0 35 0 37 0 54 0 55 0 56 0 66
Case 153
5 4 4 5 7 6 6 8 9 9 11 11 7 13 4 16 5 17 6 18 4 24 5 25 0 30 0 31 0 32 0 34 0 35 0 37 0 51 0 54 0 55 0 56
Case 154
5 4 4 5 7 6 6 8 9 9 11 11 7 13 4 16 5 17 6 18 4 24 5 25 0 30 0 31 0 32 0 34 0 35 0 37 0 54 0 55 0 56 0 59
Case 155
5 4 4 5 7 6 6 8 9 9 11 11 7 13 4 16 5 17 6 18 4 24 5 25 0 30 0 31 0 32 0 34 0 35 0 37 0 54 0 55 0 56 0 67
Case 156
5 4 4 5 7 6 6 8 9 9 11 11 7 14 4 16 5 17 6 18 4 24 5 25 0 30 0 31 0 32 0 34 0 35 0 37 0 52 0 54 0 55 0 56
Case 157
5 4 4 5 7 6 6 8 9 9 11 11 7 14 4 16 5 17 6 18 4 24 5 25 0 30 0 31 0 32 0 34 0 35 0 37 0 54 0 55 0 56 0 60
Case 158
5 4 4 5 7 6 6 8 9 9 11 11 7 14 4 16 5 17 6 18 4 24 5 25 0 30 0 31 0 32 0 34 0 35 0 37 0 54 0 55 0 56 0 68
Case 159
5 4 4 5 7 6 6 8 9 9 11 11 7 15 4 16 5 17 6 18 4 24 5 25 0 30 0 31 0 32 0 34 0 35 0 37 0 53 0 54 0 55 0 56
Case 160
5 4 4 5 7 6 6 8 9 9 11 11 7 15 4 16 5 17 6 18 4 24 5 25 0 30 0 31 0 32 0 34 0 35 0 37 0 54 0 55 0 56 0 61
Case 161
5 4 4 5 7 6 6 8 9 9 11 11 7 15 4 16 5 17 6 18 4 24 5 25 0 30 0 31 0 32 0 34 0 35 0 37 0 54 0 55 0 56 0 69
Case 162
5 4 4 5 7 6 6 8 9 9 11 11 4 16 5 17 6 18 7 19 4 24 5 25 0 30 0 31 0 32 0 34 0 35 0 37 0 54 0 55 0 56 0 57
Case 163
5 4 4 5 7 6 6 8 9 9 11 11 4 16 5 17 6 18 7 19 4 24 5 25 0 30 0 31 0 32 0 34 0 35 0 37 0 54 0 55 0 56 0 65
Case 164
5 4 4 5 7 6 6 8 9 9 11 11 4 16 5 17 6 18 7 19 4 24 5 25 0 30 0 31 0 32 0 34 0 35 0 37 0 54 0 55 0 56 0 73
Case 165
5 4 4 5 7 6 6 8 9 9 11 11 7 12 4 16 5 17 6 18 4 24 5 25 0 30 0 31 0 32 0 35 0 37 0 46 0 50 0 54 0 55 0 56
Case 166
5 4 4 5 7 6 6 8 9 9 11 11 7 12 4 16 5 17 6 18 4 24 5 25 0 30 0 31 0 32 0 35 0 37 0 46 0 54 0 55 0 56 0 58
Case 167
5 4 4 5 7 6 6 8 9 9 11 11 7 12 4 16 5 17 6 18 4 24 5 25 0 30 0 31 0 32 0 35 0 37 0 46 0 54 0 55 0 56 0 66
Case 168
5 4 4 5 7 6 6 8 9 9 11 11 7 13 4 16 5 17 6 18 4 24 5 25 0 30 0 31 0 32 0 35 0 37 0 46 0 51 0 54 0 55 0 56
Case 169
5 4 4 5 7 6 6 8 9 9 11 11 7 13 4 16 5 17 6 18 4 24 5 25 0 30 0 31 0 32 0 35 0 37 0 46 0 54 0 55 0 56 0 59
Case 170
5 4 4 5 7 6 6 8 9 9 11 11 7 13 4 16 5 17 6 18 4 24 5 25 0 30 0 31 0 32 0 35 0 37 0 46 0 54 0 55 0 56 0 67
Case 171
5 4 4 5 7 6 6 8 9 9 11 11 7 14 4 16 5 17 6 18 4 24 5 25 0 30 0 31 0 32 0 35 0 37 0 46 0 52 0 54 0 55 0 56
Case 172
5 4 4 5 7 6 6 8 9 9 11 11 7 14 4 16 5 17 6 18 4 24 5 25 0 30 0 31 0 32 0 35 0 37 0 46 0 54 0 55 0 56 0 60
Case 173
5 4 4 5 7 6 6 8 9 9 11 11 7 14 4 16 5 17 6 18 4 24 5 25 0 30 0 31 0 32 0 35 0 37 0 46 0 54 0 55 0 56 0 68
Case 174
5 4 4 5 7 6 6 8 9 9 11 11 7 15 4 16 5 17 6 18 4 24 5 25 0 30 0 31 0 32 0 35 0 37 0 46 0 53 0 54 0 55 0 56
Case 175
5 4 4 5 7 6 6 8 9 9 11 11 7 15 4 16 5 17 6 18 4 24 5 25 0 30 0 31 0 32 0 35 0 37 0 46 0 54 0 55 0 56 0 61
Case 176
5 4 4 5 7 6 6 8 9 9 11 11 7 15 4 16 5 17 6 18 4 24 5 25 0 30 0 31 0 32 0 35 0 37 0 46 0 54 0 55 0 56 0 69
Case 177
5 4 4 5 7 6 6 8 9 9 11 11 4 16 5 17 6 18 7 19 4 24 5 25 0 30 0 31 0 32 0 35 0 37 0 46 0 54 0 55 0 56 0 57
Case 178
5 4 4 5 7 6 6 8 9 9 11 11 4 16 5 17 6 18 7 19 4 24 5 25 0 30 0 31 0 32 0 35 0 37 0 46 0 54 0 55 0 56 0 65
Case 179
5 4 4 5 7 6 6 8 9 9 11 11 4 16 5 17 6 18 7 19 4 24 5 25 0 30 0 31 0 32 0 35 0 37 0 46 0 54 0 55 0 56 0 73
Case 180
5 4 4 5 7 6 9 9 6 10 11 11 7 12 4 16 5 17 6 18 4 24 5 25 0 30 0 31 0 32 0 35 0 36 0 37 0 50 0 54 0 55 0 56
Case 181
5 4 4 5 7 6 9 9 6 10 11 11 7 12 4 16 5 17 6 18 4 24 5 25 0 30 0 31 0 32 0 35 0 36 0 37 0 54 0 55 0 56 0 58
Case 182
5 4 4 5 7 6 9 9 6 10 11 11 7 12 4 16 5 17 6 18 4 24 5 25 0 30 0 31 0 32 0 35 0 36 0 37 0 54 0 55 0 56 0 66
Case 183
5 4 4 5 7 6 9 9 6 10 11 11 7 13 4 16 5 17 6 18 4 24 5 25 0 30 0 31 0 32 0 35 0 36 0 37 0 51 0 54 0 55 0 56
Case 184
5 4 4 5 7 6 9 9 6 10 11 11 7 13 4 16 5 17 6 18 4 24 5 25 0 30 0 31 0 32 0 35 0 36 0 37 0 54 0 55 0 56 0 59
Case 185
5 4 4 5 7 6 9 9 6 10 11 11 7 13 4 16 5 17 6 18 4 24 5 25 0 30 0 31 0 32 0 35 0 36 0 37 0 54 0 55 0 56 0 67
Case 186
5 4 4 5 7 6 9 9 6 10 11 11 7 14 4 16 5 17 6 18 4 24 5 25 0 30 0 31 0 32 0 35 0 36 0 37 0 52 0 54 0 55 0 56
Case 187
5 4 4 5 7 6 9 9 6 10 11 11 7 14 4 16 5 17 6 18 4 24 5 25 0 30 0 31 0 32 0 35 0 36 0 37 0 54 0 55 0 56 0 60
Case 188
5 4 4 5 7 6 9 9 6 10 11 11 7 14 4 16 5 17 6 18 4 24 5 25 0 30 0 31 0 32 0 35 0 36 0 37 0 54 0 55 0 56 0 68
Case 189
5 4 4 5 7 6 9 9 6 10 11 11 7 15 4 16 5 17 6 18 4 24 5 25 0 30 0 31 0 32 0 35 0 36 0 37 0 53 0 54 0 55 0 56
Case 190
5 4 4 5 7 6 9 9 6 10 11 11 7 15 4 16 5 17 6 18 4 24 5 25 0 30 0 31 0 32 0 35 0 36 0 37 0 54 0 55 0 56 0 61
Case 191
5 4 4 5 7 6 9 9 6 10 11 11 7 15 4 16 5 17 6 18 4 24 5 25 0 30 0 31 0 32 0 35 0 36 0 37 0 54 0 55 0 56 0 69
Case 192
5 4 4 5 7 6 9 9 6 10 11 11 4 16 5 17 6 18 7 19 4 24 5 25 0 30 0 31 0 32 0 35 0 36 0 37 0 54 0 55 0 56 0 57
Case 193
5 4 4 5 7 6 9 9 6 10 11 11 4 16 5 17 6 18 7 19 4 24 5 25 0 30 0 31 0 32 0 35 0 36 0 37 0 54 0 55 0 56 0 65
Case 194
5 4 4 5 7 6 9 9 6 10 11 11 4 16 5 17 6 18 7 19 4 24 5 25 0 30 0 31 0 32 0 35 0 36 0 37 0 54 0 55 0 56 0 73
Case 195
5 4 4 5 7 6 9 9 6 10 11 11 7 12 4 16 5 17 6 18 4 24 5 25 0 30 0 31 0 32 0 35 0 37 0 48 0 50 0 54 0 55 0 56
Case 196
5 4 4 5 7 6 9 9 6 10 11 11 7 12 4 16 5 17 6 18 4 24 5 25 0 30 0 31 0 32 0 35 0 37 0 48 0 54 0 55 0 56 0 58
Case 197
5 4 4 5 7 6 9 9 6 10 11 11 7 12 4 16 5 17 6 18 4 24 5 25 0 30 0 31 0 32 0 35 0 37 0 48 0 54 0 55 0 56 0 66
Case 198
5 4 4 5 7 6 9 9 6 10 11 11 7 13 4 16 5 17 6 18 4 24 5 25 0 30 0 31 0 32 0 35 0 37 0 48 0 51 0 54 0 55 0 56
Case 199
5 4 4 5 7 6 9 9 6 10 11 11 7 13 4 16 5 17 6 18 4 24 5 25 0 30 0 31 0 32 0 35 0 37 0 48 0 54 0 55 0 56 0 59
Case 200
5 4 4 5 7 6 9 9 6 10 11 11 7 13 4 16 5 17 6 18 4 24 5 25 0 30 0 31 0 32 0 35 0 37 0 48 0 54 0 55 0 56 0 67
Case 201
5 4 4 5 7 6 9 9 6 10 11 11 7 14 4 16 5 17 6 18 4 24 5 25 0 30 0 31 0 32 0 35 0 37 0 48 0 52 0 54 0 55 0 56
Case 202
5 4 4 5 7 6 9 9 6 10 11 11 7 14 4 16 5 17 6 18 4 24 5 25 0 30 0 31 0 32 0 35 0 37 0 48 0 54 0 55 0 56 0 60
Case 203
5 4 4 5 7 6 9 9 6 10 11 11 7 14 4 16 5 17 6 18 4 24 5 25 0 30 0 31 0 32 0 35 0 37 0 48 0 54 0 55 0 56 0 68
Case 204
5 4 4 5 7 6 9 9 6 10 11 11 7 15 4 16 5 17 6 18 4 24 5 25 0 30 0 31 0 32 0 35 0 37 0 48 0 53 0 54 0 55 0 56
Case 205
5 4 4 5 7 6 9 9 6 10 11 11 7 15 4 16 5 17 6 18 4 24 5 25 0 30 0 31 0 32 0 35 0 37 0 48 0 54 0 55 0 56 0 61
Case 206
5 4 4 5 7 6 9 9 6 10 11 11 7 15 4 16 5 17 6 18 4 24 5 25 0 30 0 31 0 32 0 35 0 37 0 48 0 54 0 55 0 56 0 69
Case 207
5 4 4 5 7 6 9 9 6 10 11 11 4 16 5 17 6 18 7 19 4 24 5 25 0 30 0 31 0 32 0 35 0 37 0 48 0 54 0 55 0 56 0 57
Case 208
5 4 4 5 7 6 9 9 6 10 11 11 4 16 5 17 6 18 7 19 4 24 5 25 0 30 0 31 0 32 0 35 0 37 0 48 0 54 0 55 0 56 0 65
Case 209
5 4 4 5 7 6 9 9 6 10 11 11 4 16 5 17 6 18 7 19 4 24 5 25 0 30 0 31 0 32 0 35 0 37 0 48 0 54 0 55 0 56 0 73
