Case 0
6 0 4 4 5 5 7 7 9 9 11 11 6 12 4 16 5 17 7 19 0 26 0 30 0 31 0 33 0 35 0 37 0 50 0 54 0 55 0 57
Case 1
6 0 4 4 5 5 7 7 9 9 11 11 6 12 4 16 5 17 7 19 0 26 0 30 0 31 0 33 0 35 0 37 0 54 0 55 0 57 0 58
Case 2
6 0 4 4 5 5 7 7 9 9 11 11 6 12 4 16 5 17 7 19 0 26 0 30 0 31 0 33 0 35 0 37 0 54 0 55 0 57 0 66
Case 3
6 0 4 4 5 5 7 7 9 9 11 11 6 13 4 16 5 17 7 19 0 26 0 30 0 31 0 33 0 35 0 37 0 51 0 54 0 55 0 57
Case 4
6 0 4 4 5 5 7 7 9 9 11 11 6 13 4 16 5 17 7 19 0 26 0 30 0 31 0 33 0 35 0 37 0 54 0 55 0 57 0 59
Case 5
6 0 4 4 5 5 7 7 9 9 11 11 6 13 4 16 5 17 7 19 0 26 0 30 0 31 0 33 0 35 0 37 0 54 0 55 0 57 0 67
Case 6
6 0 4 4 5 5 7 7 9 9 11 11 6 14 4 16 5 17 7 19 0 26 0 30 0 31 0 33 0 35 0 37 0 52 0 54 0 55 0 57
Case 7
6 0 4 4 5 5 7 7 9 9 11 11 6 14 4 16 5 17 7 19 0 26 0 30 0 31 0 33 0 35 0 37 0 54 0 55 0 57 0 60
Case 8
6 0 4 4 5 5 7 7 9 9 11 11 6 14 4 16 5 17 7 19 0 26 0 30 0 31 0 33 0 35 0 37 0 54 0 55 0 57 0 68
Case 9
6 0 4 4 5 5 7 7 9 9 11 11 6 15 4 16 5 17 7 19 0 26 0 30 0 31 0 33 0 35 0 37 0 53 0 54 0 55 0 57
Case 10
6 0 4 4 5 5 7 7 9 9 11 11 6 15 4 16 5 17 7 19 0 26 0 30 0 31 0 33 0 35 0 37 0 54 0 55 0 57 0 61
Case 11
6 0 4 4 5 5 7 7 9 9 11 11 6 15 4 16 5 17 7 19 0 26 0 30 0 31 0 33 0 35 0 37 0 54 0 55 0 57 0 69
Case 12
6 0 4 4 5 5 7 7 9 9 11 11 4 16 5 17 6 18 7 19 0 26 0 30 0 31 0 33 0 35 0 37 0 54 0 55 0 56 0 57
Case 13
6 0 4 4 5 5 7 7 9 9 11 11 4 16 5 17 6 18 7 19 0 26 0 30 0 31 0 33 0 35 0 37 0 54 0 55 0 57 0 64
Case 14
6 0 4 4 5 5 7 7 9 9 11 11 4 16 5 17 6 18 7 19 0 26 0 30 0 31 0 33 0 35 0 37 0 54 0 55 0 57 0 72
Case 15
6 0 4 4 5 5 7 7 9 9 11 11 6 12 4 16 5 17 7 19 0 30 0 31 0 33 0 35 0 37 0 38 0 50 0 54 0 55 0 57
Case 16
6 0 4 4 5 5 7 7 9 9 11 11 6 12 4 16 5 17 7 19 0 30 0 31 0 33 0 35 0 37 0 38 0 54 0 55 0 57 0 58
Case 17
6 0 4 4 5 5 7 7 9 9 11 11 6 12 4 16 5 17 7 19 0 30 0 31 0 33 0 35 0 37 0 38 0 54 0 55 0 57 0 66
Case 18
6 0 4 4 5 5 7 7 9 9 11 11 6 13 4 16 5 17 7 19 0 30 0 31 0 33 0 35 0 37 0 38 0 51 0 54 0 55 0 57
Case 19
6 0 4 4 5 5 7 7 9 9 11 11 6 13 4 16 5 17 7 19 0 30 0 31 0 33 0 35 0 37 0 38 0 54 0 55 0 57 0 59
Case 20
6 0 4 4 5 5 7 7 9 9 11 11 6 13 4 16 5 17 7 19 0 30 0 31 0 33 0 35 0 37 0 38 0 54 0 55 0 57 0 67
Case 21
6 0 4 4 5 5 7 7 9 9 11 11 6 14 4 16 5 17 7 19 0 30 0 31 0 33 0 35 0 37 0 38 0 52 0 54 0 55 0 57
Case 22
6 0 4 4 5 5 7 7 9 9 11 11 6 14 4 16 5 17 7 19 0 30 0 31 0 33 0 35 0 37 0 38 0 54 0 55 0 57 0 60
Case 23
6 0 4 4 5 5 7 7 9 9 11 11 6 14 4 16 5 17 7 19 0 30 0 31 0 33 0 35 0 37 0 38 0 54 0 55 0 57 0 68
Case 24
6 0 4 4 5 5 7 7 9 9 11 11 6 15 4 16 5 17 7 19 0 30 0 31 0 33 0 35 0 37 0 38 0 53 0 54 0 55 0 57
Case 25
6 0 4 4 5 5 7 7 9 9 11 11 6 15 4 16 5 17 7 19 0 30 0 31 0 33 0 35 0 37 0 38 0 54 0 55 0 57 0 61
Case 26
6 0 4 4 5 5 7 7 9 9 11 11 6 15 4 16 5 17 7 19 0 30 0 31 0 33 0 35 0 37 0 38 0 54 0 55 0 57 0 69
Case 27
6 0 4 4 5 5 7 7 9 9 11 11 4 16 5 17 6 18 7 19 0 30 0 31 0 33 0 35 0 37 0 38 0 54 0 55 0 56 0 57
Case 28
6 0 4 4 5 5 7 7 9 9 11 11 4 16 5 17 6 18 7 19 0 30 0 31 0 33 0 35 0 37 0 38 0 54 0 55 0 57 0 64
Case 29
6 0 4 4 5 5 7 7 9 9 11 11 4 16 5 17 6 18 7 19 0 30 0 31 0 33 0 35 0 37 0 38 0 54 0 55 0 57 0 72
Case 30
6 1 4 4 5 5 7 7 9 9 11 11 6 12 4 16 5 17 7 19 0 27 0 30 0 31 0 33 0 35 0 37 0 50 0 54 0 55 0 57
Case 31
6 1 4 4 5 5 7 7 9 9 11 11 6 12 4 16 5 17 7 19 0 27 0 30 0 31 0 33 0 35 0 37 0 54 0 55 0 57 0 58
Case 32
6 1 4 4 5 5 7 7 9 9 11 11 6 12 4 16 5 17 7 19 0 27 0 30 0 31 0 33 0 35 0 37 0 54 0 55 0 57 0 66
Case 33
6 1 4 4 5 5 7 7 9 9 11 11 6 13 4 16 5 17 7 19 0 27 0 30 0 31 0 33 0 35 0 37 0 51 0 54 0 55 0 57
Case 34
6 1 4 4 5 5 7 7 9 9 11 11 6 13 4 16 5 17 7 19 0 27 0 30 0 31 0 33 0 35 0 37 0 54 0 55 0 57 0 59
Case 35
6 1 4 4 5 5 7 7 9 9 11 11 6 13 4 16 5 17 7 19 0 27 0 30 0 31 0 33 0 35 0 37 0 54 0 55 0 57 0 67
Case 36
6 1 4 4 5 5 7 7 9 9 11 11 6 14 4 16 5 17 7 19 0 27 0 30 0 31 0 33 0 35 0 37 0 52 0 54 0 55 0 57
Case 37
6 1 4 4 5 5 7 7 9 9 11 11 6 14 4 16 5 17 7 19 0 27 0 30 0 31 0 33 0 35 0 37 0 54 0 55 0 57 0 60
Case 38
6 1 4 4 5 5 7 7 9 9 11 11 6 14 4 16 5 17 7 19 0 27 0 30 0 31 0 33 0 35 0 37 0 54 0 55 0 57 0 68
Case 39
6 1 4 4 5 5 7 7 9 9 11 11 6 15 4 16 5 17 7 19 0 27 0 30 0 31 0 33 0 35 0 37 0 53 0 54 0 55 0 57
Case 40
6 1 4 4 5 5 7 7 9 9 11 11 6 15 4 16 5 17 7 19 0 27 0 30 0 31 0 33 0 35 0 37 0 54 0 55 0 57 0 61
Case 41
6 1 4 4 5 5 7 7 9 9 11 11 6 15 4 16 5 17 7 19 0 27 0 30 0 31 0 33 0 35 0 37 0 54 0 55 0 57 0 69
Case 42
6 1 4 4 5 5 7 7 9 9 11 11 4 16 5 17 6 18 7 19 0 27 0 30 0 31 0 33 0 35 0 37 0 54 0 55 0 56 0 57
Case 43
6 1 4 4 5 5 7 7 9 9 11 11 4 16 5 17 6 18 7 19 0 27 0 30 0 31 0 33 0 35 0 37 0 54 0 55 0 57 0 64
Case 44
6 1 4 4 5 5 7 7 9 9 11 11 4 16 5 17 6 18 7 19 0 27 0 30 0 31 0 33 0 35 0 37 0 54 0 55 0 57 0 72
Case 45
6 1 4 4 5 5 7 7 9 9 11 11 6 12 4 16 5 17 7 19 0 30 0 31 0 33 0 35 0 37 0 39 0 50 0 54 0 55 0 57
Case 46
6 1 4 4 5 5 7 7 9 9 11 11 6 12 4 16 5 17 7 19 0 30 0 31 0 33 0 35 0 37 0 39 0 54 0 55 0 57 0 58
Case 47
6 1 4 4 5 5 7 7 9 9 11 11 6 12 4 16 5 17 7 19 0 30 0 31 0 33 0 35 0 37 0 39 0 54 0 55 0 57 0 66
Case 48
6 1 4 4 5 5 7 7 9 9 11 11 6 13 4 16 5 17 7 19 0 30 0 31 0 33 0 35 0 37 0 39 0 51 0 54 0 55 0 57
Case 49
6 1 4 4 5 5 7 7 9 9 11 11 6 13 4 16 5 17 7 19 0 30 0 31 0 33 0 35 0 37 0 39 0 54 0 55 0 57 0 59
Case 50
6 1 4 4 5 5 7 7 9 9 11 11 6 13 4 16 5 17 7 19 0 30 0 31 0 33 0 35 0 37 0 39 0 54 0 55 0 57 0 67
Case 51
6 1 4 4 5 5 7 7 9 9 11 11 6 14 4 16 5 17 7 19 0 30 0 31 0 33 0 35 0 37 0 39 0 52 0 54 0 55 0 57
Case 52
6 1 4 4 5 5 7 7 9 9 11 11 6 14 4 16 5 17 7 19 0 30 0 31 0 33 0 35 0 37 0 39 0 54 0 55 0 57 0 60
Case 53
6 1 4 4 5 5 7 7 9 9 11 11 6 14 4 16 5 17 7 19 0 30 0 31 0 33 0 35 0 37 0 39 0 54 0 55 0 57 0 68
Case 54
6 1 4 4 5 5 7 7 9 9 11 11 6 15 4 16 5 17 7 19 0 30 0 31 0 33 0 35 0 37 0 39 0 53 0 54 0 55 0 57
Case 55
6 1 4 4 5 5 7 7 9 9 11 11 6 15 4 16 5 17 7 19 0 30 0 31 0 33 0 35 0 37 0 39 0 54 0 55 0 57 0 61
Case 56
6 1 4 4 5 5 7 7 9 9 11 11 6 15 4 16 5 17 7 19 0 30 0 31 0 33 0 35 0 37 0 39 0 54 0 55 0 57 0 69
Case 57
6 1 4 4 5 5 7 7 9 9 11 11 4 16 5 17 6 18 7 19 0 30 0 31 0 33 0 35 0 37 0 39 0 54 0 55 0 56 0 57
Case 58
6 1 4 4 5 5 7 7 9 9 11 11 4 16 5 17 6 18 7 19 0 30 0 31 0 33 0 35 0 37 0 39 0 54 0 55 0 57 0 64
Case 59
6 1 4 4 5 5 7 7 9 9 11 11 4 16 5 17 6 18 7 19 0 30 0 31 0 33 0 35 0 37 0 39 0 54 0 55 0 57 0 72
Case 60
6 2 4 4 5 5 7 7 9 9 11 11 6 12 4 16 5 17 7 19 0 28 0 30 0 31 0 33 0 35 0 37 0 50 0 54 0 55 0 57
Case 61
6 2 4 4 5 5 7 7 9 9 11 11 6 12 4 16 5 17 7 19 0 28 0 30 0 31 0 33 0 35 0 37 0 54 0 55 0 57 0 58
Case 62
6 2 4 4 5 5 7 7 9 9 11 11 6 12 4 16 5 17 7 19 0 28 0 30 0 31 0 33 0 35 0 37 0 54 0 55 0 57 0 66
Case 63
6 2 4 4 5 5 7 7 9 9 11 11 6 13 4 16 5 17 7 19 0 28 0 30 0 31 0 33 0 35 0 37 0 51 0 54 0 55 0 57
Case 64
6 2 4 4 5 5 7 7 9 9 11 11 6 13 4 16 5 17 7 19 0 28 0 30 0 31 0 33 0 35 0 37 0 54 0 55 0 57 0 59
Case 65
6 2 4 4 5 5 7 7 9 9 11 11 6 13 4 16 5 17 7 19 0 28 0 30 0 31 0 33 0 35 0 37 0 54 0 55 0 57 0 67
Case 66
6 2 4 4 5 5 7 7 9 9 11 11 6 14 4 16 5 17 7 19 0 28 0 30 0 31 0 33 0 35 0 37 0 52 0 54 0 55 0 57
Case 67
6 2 4 4 5 5 7 7 9 9 11 11 6 14 4 16 5 17 7 19 0 28 0 30 0 31 0 33 0 35 0 37 0 54 0 55 0 57 0 60
Case 68
6 2 4 4 5 5 7 7 9 9 11 11 6 14 4 16 5 17 7 19 0 28 0 30 0 31 0 33 0 35 0 37 0 54 0 55 0 57 0 68
Case 69
6 2 4 4 5 5 7 7 9 9 11 11 6 15 4 16 5 17 7 19 0 28 0 30 0 31 0 33 0 35 0 37 0 53 0 54 0 55 0 57
Case 70
6 2 4 4 5 5 7 7 9 9 11 11 6 15 4 16 5 17 7 19 0 28 0 30 0 31 0 33 0 35 0 37 0 54 0 55 0 57 0 61
Case 71
6 2 4 4 5 5 7 7 9 9 11 11 6 15 4 16 5 17 7 19 0 28 0 30 0 31 0 33 0 35 0 37 0 54 0 55 0 57 0 69
Case 72
6 2 4 4 5 5 7 7 9 9 11 11 4 16 5 17 6 18 7 19 0 28 0 30 0 31 0 33 0 35 0 37 0 54 0 55 0 56 0 57
Case 73
6 2 4 4 5 5 7 7 9 9 11 11 4 16 5 17 6 18 7 19 0 28 0 30 0 31 0 33 0 35 0 37 0 54 0 55 0 57 0 64
Case 74
6 2 4 4 5 5 7 7 9 9 11 11 4 16 5 17 6 18 7 19 0 28 0 30 0 31 0 33 0 35 0 37 0 54 0 55 0 57 0 72
Case 75
6 2 4 4 5 5 7 7 9 9 11 11 6 12 4 16 5 17 7 19 0 30 0 31 0 33 0 35 0 37 0 40 0 50 0 54 0 55 0 57
Case 76
6 2 4 4 5 5 7 7 9 9 11 11 6 12 4 16 5 17 7 19 0 30 0 31 0 33 0 35 0 37 0 40 0 54 0 55 0 57 0 58
Case 77
6 2 4 4 5 5 7 7 9 9 11 11 6 12 4 16 5 17 7 19 0 30 0 31 0 33 0 35 0 37 0 40 0 54 0 55 0 57 0 66
Case 78
6 2 4 4 5 5 7 7 9 9 11 11 6 13 4 16 5 17 7 19 0 30 0 31 0 33 0 35 0 37 0 40 0 51 0 54 0 55 0 57
Case 79
6 2 4 4 5 5 7 7 9 9 11 11 6 13 4 16 5 17 7 19 0 30 0 31 0 33 0 35 0 37 0 40 0 54 0 55 0 57 0 59
Case 80
6 2 4 4 5 5 7 7 9 9 11 11 6 13 4 16 5 17 7 19 0 30 0 31 0 33 0 35 0 37 0 40 0 54 0 55 0 57 0 67
Case 81
6 2 4 4 5 5 7 7 9 9 11 11 6 14 4 16 5 17 7 19 0 30 0 31 0 33 0 35 0 37 0 40 0 52 0 54 0 55 0 57
Case 82
6 2 4 4 5 5 7 7 9 9 11 11 6 14 4 16 5 17 7 19 0 30 0 31 0 33 0 35 0 37 0 40 0 54 0 55 0 57 0 60
Case 83
6 2 4 4 5 5 7 7 9 9 11 11 6 14 4 16 5 17 7 19 0 30 0 31 0 33 0 35 0 37 0 40 0 54 0 55 0 57 0 68
Case 84
6 2 4 4 5 5 7 7 9 9 11 11 6 15 4 16 5 17 7 19 0 30 0 31 0 33 0 35 0 37 0 40 0 53 0 54 0 55 0 57
Case 85
6 2 4 4 5 5 7 7 9 9 11 11 6 15 4 16 5 17 7 19 0 30 0 31 0 33 0 35 0 37 0 40 0 54 0 55 0 57 0 61
Case 86
6 2 4 4 5 5 7 7 9 9 11 11 6 15 4 16 5 17 7 19 0 30 0 31 0 33 0 35 0 37 0 40 0 54 0 55 0 57 0 69
Case 87
6 2 4 4 5 5 7 7 9 9 11 11 4 16 5 17 6 18 7 19 0 30 0 31 0 33 0 35 0 37 0 40 0 54 0 55 0 56 0 57
Case 88
6 2 4 4 5 5 7 7 9 9 11 11 4 16 5 17 6 18 7 19 0 30 0 31 0 33 0 35 0 37 0 40 0 54 0 55 0 57 0 64
Case 89
6 2 4 4 5 5 7 7 9 9 11 11 4 16 5 17 6 18 7 19 0 30 0 31 0 33 0 35 0 37 0 40 0 54 0 55 0 57 0 72
Case 90
6 3 4 4 5 5 7 7 9 9 11 11 6 12 4 16 5 17 7 19 0 29 0 30 0 31 0 33 0 35 0 37 0 50 0 54 0 55 0 57
Case 91
6 3 4 4 5 5 7 7 9 9 11 11 6 12 4 16 5 17 7 19 0 29 0 30 0 31 0 33 0 35 0 37 0 54 0 55 0 57 0 58
Case 92
6 3 4 4 5 5 7 7 9 9 11 11 6 12 4 16 5 17 7 19 0 29 0 30 0 31 0 33 0 35 0 37 0 54 0 55 0 57 0 66
Case 93
6 3 4 4 5 5 7 7 9 9 11 11 6 13 4 16 5 17 7 19 0 29 0 30 0 31 0 33 0 35 0 37 0 51 0 54 0 55 0 57
Case 94
6 3 4 4 5 5 7 7 9 9 11 11 6 13 4 16 5 17 7 19 0 29 0 30 0 31 0 33 0 35 0 37 0 54 0 55 0 57 0 59
Case 95
6 3 4 4 5 5 7 7 9 9 11 11 6 13 4 16 5 17 7 19 0 29 0 30 0 31 0 33 0 35 0 37 0 54 0 55 0 57 0 67
Case 96
6 3 4 4 5 5 7 7 9 9 11 11 6 14 4 16 5 17 7 19 0 29 0 30 0 31 0 33 0 35 0 37 0 52 0 54 0 55 0 57
Case 97
6 3 4 4 5 5 7 7 9 9 11 11 6 14 4 16 5 17 7 19 0 29 0 30 0 31 0 33 0 35 0 37 0 54 0 55 0 57 0 60
Case 98
6 3 4 4 5 5 7 7 9 9 11 11 6 14 4 16 5 17 7 19 0 29 0 30 0 31 0 33 0 35 0 37 0 54 0 55 0 57 0 68
Case 99
6 3 4 4 5 5 7 7 9 9 11 11 6 15 4 16 5 17 7 19 0 29 0 30 0 31 0 33 0 35 0 37 0 53 0 54 0 55 0 57
Case 100
6 3 4 4 5 5 7 7 9 9 11 11 6 15 4 16 5 17 7 19 0 29 0 30 0 31 0 33 0 35 0 37 0 54 0 55 0 57 0 61
Case 101
6 3 4 4 5 5 7 7 9 9 11 11 6 15 4 16 5 17 7 19 0 29 0 30 0 31 0 33 0 35 0 37 0 54 0 55 0 57 0 69
Case 102
6 3 4 4 5 5 7 7 9 9 11 11 4 16 5 17 6 18 7 19 0 29 0 30 0 31 0 33 0 35 0 37 0 54 0 55 0 56 0 57
Case 103
6 3 4 4 5 5 7 7 9 9 11 11 4 16 5 17 6 18 7 19 0 29 0 30 0 31 0 33 0 35 0 37 0 54 0 55 0 57 0 64
Case 104
6 3 4 4 5 5 7 7 9 9 11 11 4 16 5 17 6 18 7 19 0 29 0 30 0 31 0 33 0 35 0 37 0 54 0 55 0 57 0 72
Case 105
6 3 4 4 5 5 7 7 9 9 11 11 6 12 4 16 5 17 7 19 0 30 0 31 0 33 0 35 0 37 0 41 0 50 0 54 0 55 0 57
Case 106
6 3 4 4 5 5 7 7 9 9 11 11 6 12 4 16 5 17 7 19 0 30 0 31 0 33 0 35 0 37 0 41 0 54 0 55 0 57 0 58
Case 107
6 3 4 4 5 5 7 7 9 9 11 11 6 12 4 16 5 17 7 19 0 30 0 31 0 33 0 35 0 37 0 41 0 54 0 55 0 57 0 66
Case 108
6 3 4 4 5 5 7 7 9 9 11 11 6 13 4 16 5 17 7 19 0 30 0 31 0 33 0 35 0 37 0 41 0 51 0 54 0 55 0 57
Case 109
6 3 4 4 5 5 7 7 9 9 11 11 6 13 4 16 5 17 7 19 0 30 0 31 0 33 0 35 0 37 0 41 0 54 0 55 0 57 0 59
Case 110
6 3 4 4 5 5 7 7 9 9 11 11 6 13 4 16 5 17 7 19 0 30 0 31 0 33 0 35 0 37 0 41 0 54 0 55 0 57 0 67
Case 111
6 3 4 4 5 5 7 7 9 9 11 11 6 14 4 16 5 17 7 19 0 30 0 31 0 33 0 35 0 37 0 41 0 52 0 54 0 55 0 57
Case 112
6 3 4 4 5 5 7 7 9 9 11 11 6 14 4 16 5 17 7 19 0 30 0 31 0 33 0 35 0 37 0 41 0 54 0 55 0 57 0 60
Case 113
6 3 4 4 5 5 7 7 9 9 11 11 6 14 4 16 5 17 7 19 0 30 0 31 0 33 0 35 0 37 0 41 0 54 0 55 0 57 0 68
Case 114
6 3 4 4 5 5 7 7 9 9 11 11 6 15 4 16 5 17 7 19 0 30 0 31 0 33 0 35 0 37 0 41 0 53 0 54 0 55 0 57
Case 115
6 3 4 4 5 5 7 7 9 9 11 11 6 15 4 16 5 17 7 19 0 30 0 31 0 33 0 35 0 37 0 41 0 54 0 55 0 57 0 61
Case 116
6 3 4 4 5 5 7 7 9 9 11 11 6 15 4 16 5 17 7 19 0 30 0 31 0 33 0 35 0 37 0 41 0 54 0 55 0 57 0 69
Case 117
6 3 4 4 5 5 7 7 9 9 11 11 4 16 5 17 6 18 7 19 0 30 0 31 0 33 0 35 0 37 0 41 0 54 0 55 0 56 0 57
Case 118
6 3 4 4 5 5 7 7 9 9 11 11 4 16 5 17 6 18 7 19 0 30 0 31 0 33 0 35 0 37 0 41 0 54 0 55 0 57 0 64
Case 119
6 3 4 4 5 5 7 7 9 9 11 11 4 16 5 17 6 18 7 19 0 30 0 31 0 33 0 35 0 37 0 41 0 54 0 55 0 57 0 72
Case 120
4 4 5 5 6 6 7 7 9 9 11 11 6 12 4 16 5 17 7 19 0 30 0 31 0 32 0 33 0 35 0 37 0 50 0 54 0 55 0 57
Case 121
4 4 5 5 6 6 7 7 9 9 11 11 6 12 4 16 5 17 7 19 0 30 0 31 0 32 0 33 0 35 0 37 0 54 0 55 0 57 0 58
Case 122
4 4 5 5 6 6 7 7 9 9 11 11 6 12 4 16 5 17 7 19 0 30 0 31 0 32 0 33 0 35 0 37 0 54 0 55 0 57 0 66
Case 123
4 4 5 5 6 6 7 7 9 9 11 11 6 13 4 16 5 17 7 19 0 30 0 31 0 32 0 33 0 35 0 37 0 51 0 54 0 55 0 57
Case 124
4 4 5 5 6 6 7 7 9 9 11 11 6 13 4 16 5 17 7 19 0 30 0 31 0 32 0 33 0 35 0 37 0 54 0 55 0 57 0 59
Case 125
4 4 5 5 6 6 7 7 9 9 11 11 6 13 4 16 5 17 7 19 0 30 0 31 0 32 0 33 0 35 0 37 0 54 0 55 0 57 0 67
Case 126
4 4 5 5 6 6 7 7 9 9 11 11 6 14 4 16 5 17 7 19 0 30 0 31 0 32 0 33 0 35 0 37 0 52 0 54 0 55 0 57
Case 127
4 4 5 5 6 6 7 7 9 9 11 11 6 14 4 16 5 17 7 19 0 30 0 31 0 32 0 33 0 35 0 37 0 54 0 55 0 57 0 60
Case 128
4 4 5 5 6 6 7 7 9 9 11 11 6 14 4 16 5 17 7 19 0 30 0 31 0 32 0 33 0 35 0 37 0 54 0 55 0 57 0 68
Case 129
4 4 5 5 6 6 7 7 9 9 11 11 6 15 4 16 5 17 7 19 0 30 0 31 0 32 0 33 0 35 0 37 0 53 0 54 0 55 0 57
Case 130
4 4 5 5 6 6 7 7 9 9 11 11 6 15 4 16 5 17 7 19 0 30 0 31 0 32 0 33 0 35 0 37 0 54 0 55 0 57 0 61
Case 131
4 4 5 5 6 6 7 7 9 9 11 11 6 15 4 16 5 17 7 19 0 30 0 31 0 32 0 33 0 35 0 37 0 54 0 55 0 57 0 69
Case 132
4 4 5 5 6 6 7 7 9 9 11 11 4 16 5 17 6 18 7 19 0 30 0 31 0 32 0 33 0 35 0 37 0 54 0 55 0 56 0 57
Case 133
4 4 5 5 6 6 7 7 9 9 11 11 4 16 5 17 6 18 7 19 0 30 0 31 0 32 0 33 0 35 0 37 0 54 0 55 0 57 0 64
Case 134
4 4 5 5 6 6 7 7 9 9 11 11 4 16 5 17 6 18 7 19 0 30 0 31 0 32 0 33 0 35 0 37 0 54 0 55 0 57 0 72
Case 135
4 4 5 5 6 6 7 7 9 9 11 11 6 12 4 16 5 17 7 19 0 30 0 31 0 33 0 35 0 37 0 44 0 50 0 54 0 55 0 57
Case 136
4 4 5 5 6 6 7 7 9 9 11 11 6 12 4 16 5 17 7 19 0 30 0 31 0 33 0 35 0 37 0 44 0 54 0 55 0 57 0 58
Case 137
4 4 5 5 6 6 7 7 9 9 11 11 6 12 4 16 5 17 7 19 0 30 0 31 0 33 0 35 0 37 0 44 0 54 0 55 0 57 0 66
Case 138
4 4 5 5 6 6 7 7 9 9 11 11 6 13 4 16 5 17 7 19 0 30 0 31 0 33 0 35 0 37 0 44 0 51 0 54 0 55 0 57
Case 139
4 4 5 5 6 6 7 7 9 9 11 11 6 13 4 16 5 17 7 19 0 30 0 31 0 33 0 35 0 37 0 44 0 54 0 55 0 57 0 59
Case 140
4 4 5 5 6 6 7 7 9 9 11 11 6 13 4 16 5 17 7 19 0 30 0 31 0 33 0 35 0 37 0 44 0 54 0 55 0 57 0 67
Case 141
4 4 5 5 6 6 7 7 9 9 11 11 6 14 4 16 5 17 7 19 0 30 0 31 0 33 0 35 0 37 0 44 0 52 0 54 0 55 0 57
Case 142
4 4 5 5 6 6 7 7 9 9 11 11 6 14 4 16 5 17 7 19 0 30 0 31 0 33 0 35 0 37 0 44 0 54 0 55 0 57 0 60
Case 143
4 4 5 5 6 6 7 7 9 9 11 11 6 14 4 16 5 17 7 19 0 30 0 31 0 33 0 35 0 37 0 44 0 54 0 55 0 57 0 68
Case 144
4 4 5 5 6 6 7 7 9 9 11 11 6 15 4 16 5 17 7 19 0 30 0 31 0 33 0 35 0 37 0 44 0 53 0 54 0 55 0 57
Case 145
4 4 5 5 6 6 7 7 9 9 11 11 6 15 4 16 5 17 7 19 0 30 0 31 0 33 0 35 0 37 0 44 0 54 0 55 0 57 0 61
Case 146
4 4 5 5 6 6 7 7 9 9 11 11 6 15 4 16 5 17 7 19 0 30 0 31 0 33 0 35 0 37 0 44 0 54 0 55 0 57 0 69
Case 147
4 4 5 5 6 6 7 7 9 9 11 11 4 16 5 17 6 18 7 19 0 30 0 31 0 33 0 35 0 37 0 44 0 54 0 55 0 56 0 57
Case 148
4 4 5 5 6 6 7 7 9 9 11 11 4 16 5 17 6 18 7 19 0 30 0 31 0 33 0 35 0 37 0 44 0 54 0 55 0 57 0 64
Case 149
4 4 5 5 6 6 7 7 9 9 11 11 4 16 5 17 6 18 7 19 0 30 0 31 0 33 0 35 0 37 0 44 0 54 0 55 0 57 0 72
Case 150
4 4 5 5 7 7 6 8 9 9 11 11 6 12 4 16 5 17 7 19 0 30 0 31 0 33 0 34 0 35 0 37 0 50 0 54 0 55 0 57
Case 151
4 4 5 5 7 7 6 8 9 9 11 11 6 12 4 16 5 17 7 19 0 30 0 31 0 33 0 34 0 35 0 37 0 54 0 55 0 57 0 58
Case 152
4 4 5 5 7 7 6 8 9 9 11 11 6 12 4 16 5 17 7 19 0 30 0 31 0 33 0 34 0 35 0 37 0 54 0 55 0 57 0 66
Case 153
4 4 5 5 7 7 6 8 9 9 11 11 6 13 4 16 5 17 7 19 0 30 0 31 0 33 0 34 0 35 0 37 0 51 0 54 0 55 0 57
Case 154
4 4 5 5 7 7 6 8 9 9 11 11 6 13 4 16 5 17 7 19 0 30 0 31 0 33 0 34 0 35 0 37 0 54 0 55 0 57 0 59
Case 155
4 4 5 5 7 7 6 8 9 9 11 11 6 13 4 16 5 17 7 19 0 30 0 31 0 33 0 34 0 35 0 37 0 54 0 55 0 57 0 67
Case 156
4 4 5 5 7 7 6 8 9 9 11 11 6 14 4 16 5 17 7 19 0 30 0 31 0 33 0 34 0 35 0 37 0 52 0 54 0 55 0 57
Case 157
4 4 5 5 7 7 6 8 9 9 11 11 6 14 4 16 5 17 7 19 0 30 0 31 0 33 0 34 0 35 0 37 0 54 0 55 0 57 0 60
Case 158
4 4 5 5 7 7 6 8 9 9 11 11 6 14 4 16 5 17 7 19 0 30 0 31 0 33 0 34 0 35 0 37 0 54 0 55 0 57 0 68
Case 159
4 4 5 5 7 7 6 8 9 9 11 11 6 15 4 16 5 17 7 19 0 30 0 31 0 33 0 34 0 35 0 37 0 53 0 54 0 55 0 57
Case 160
4 4 5 5 7 7 6 8 9 9 11 11 6 15 4 16 5 17 7 19 0 30 0 31 0 33 0 34 0 35 0 37 0 54 0 55 0 57 0 61
Case 161
4 4 5 5 7 7 6 8 9 9 11 11 6 15 4 16 5 17 7 19 0 30 0 31 0 33 0 34 0 35 0 37 0 54 0 55 0 57 0 69
Case 162
4 4 5 5 7 7 6 8 9 9 11 11 4 16 5 17 6 18 7 19 0 30 0 31 0 33 0 34 0 35 0 37 0 54 0 55 0 56 0 57
Case 163
4 4 5 5 7 7 6 8 9 9 11 11 4 16 5 17 6 18 7 19 0 30 0 31 0 33 0 34 0 35 0 37 0 54 0 55 0 57 0 64
Case 164
4 4 5 5 7 7 6 8 9 9 11 11 4 16 5 17 6 18 7 19 0 30 0 31 0 33 0 34 0 35 0 37 0 54 0 55 0 57 0 72
Case 165
4 4 5 5 7 7 6 8 9 9 11 11 6 12 4 16 5 17 7 19 0 30 0 31 0 33 0 35 0 37 0 46 0 50 0 54 0 55 0 57
Case 166
4 4 5 5 7 7 6 8 9 9 11 11 6 12 4 16 5 17 7 19 0 30 0 31 0 33 0 35 0 37 0 46 0 54 0 55 0 57 0 58
Case 167
4 4 5 5 7 7 6 8 9 9 11 11 6 12 4 16 5 17 7 19 0 30 0 31 0 33 0 35 0 37 0 46 0 54 0 55 0 57 0 66
Case 168
4 4 5 5 7 7 6 8 9 9 11 11 6 13 4 16 5 17 7 19 0 30 0 31 0 33 0 35 0 37 0 46 0 51 0 54 0 55 0 57
Case 169
4 4 5 5 7 7 6 8 9 9 11 11 6 13 4 16 5 17 7 19 0 30 0 31 0 33 0 35 0 37 0 46 0 54 0 55 0 57 0 59
Case 170
4 4 5 5 7 7 6 8 9 9 11 11 6 13 4 16 5 17 7 19 0 30 0 31 0 33 0 35 0 37 0 46 0 54 0 55 0 57 0 67
Case 171
4 4 5 5 7 7 6 8 9 9 11 11 6 14 4 16 5 17 7 19 0 30 0 31 0 33 0 35 0 37 0 46 0 52 0 54 0 55 0 57
Case 172
4 4 5 5 7 7 6 8 9 9 11 11 6 14 4 16 5 17 7 19 0 30 0 31 0 33 0 35 0 37 0 46 0 54 0 55 0 57 0 60
Case 173
4 4 5 5 7 7 6 8 9 9 11 11 6 14 4 16 5 17 7 19 0 30 0 31 0 33 0 35 0 37 0 46 0 54 0 55 0 57 0 68
Case 174
4 4 5 5 7 7 6 8 9 9 11 11 6 15 4 16 5 17 7 19 0 30 0 31 0 33 0 35 0 37 0 46 0 53 0 54 0 55 0 57
Case 175
4 4 5 5 7 7 6 8 9 9 11 11 6 15 4 16 5 17 7 19 0 30 0 31 0 33 0 35 0 37 0 46 0 54 0 55 0 57 0 61
Case 176
4 4 5 5 7 7 6 8 9 9 11 11 6 15 4 16 5 17 7 19 0 30 0 31 0 33 0 35 0 37 0 46 0 54 0 55 0 57 0 69
Case 177
4 4 5 5 7 7 6 8 9 9 11 11 4 16 5 17 6 18 7 19 0 30 0 31 0 33 0 35 0 37 0 46 0 54 0 55 0 56 0 57
Case 178
4 4 5 5 7 7 6 8 9 9 11 11 4 16 5 17 6 18 7 19 0 30 0 31 0 33 0 35 0 37 0 46 0 54 0 55 0 57 0 64
Case 179
4 4 5 5 7 7 6 8 9 9 11 11 4 16 5 17 6 18 7 19 0 30 0 31 0 33 0 35 0 37 0 46 0 54 0 55 0 57 0 72
Case 180
4 4 5 5 7 7 9 9 6 10 11 11 6 12 4 16 5 17 7 19 0 30 0 31 0 33 0 35 0 36 0 37 0 50 0 54 0 55 0 57
Case 181
4 4 5 5 7 7 9 9 6 10 11 11 6 12 4 16 5 17 7 19 0 30 0 31 0 33 0 35 0 36 0 37 0 54 0 55 0 57 0 58
Case 182
4 4 5 5 7 7 9 9 6 10 11 11 6 12 4 16 5 17 7 19 0 30 0 31 0 33 0 35 0 36 0 37 0 54 0 55 0 57 0 66
Case 183
4 4 5 5 7 7 9 9 6 10 11 11 6 13 4 16 5 17 7 19 0 30 0 31 0 33 0 35 0 36 0 37 0 51 0 54 0 55 0 57
Case 184
4 4 5 5 7 7 9 9 6 10 11 11 6 13 4 16 5 17 7 19 0 30 0 31 0 33 0 35 0 36 0 37 0 54 0 55 0 57 0 59
Case 185
4 4 5 5 7 7 9 9 6 10 11 11 6 13 4 16 5 17 7 19 0 30 0 31 0 33 0 35 0 36 0 37 0 54 0 55 0 57 0 67
Case 186
4 4 5 5 7 7 9 9 6 10 11 11 6 14 4 16 5 17 7 19 0 30 0 31 0 33 0 35 0 36 0 37 0 52 0 54 0 55 0 57
Case 187
4 4 5 5 7 7 9 9 6 10 11 11 6 14 4 16 5 17 7 19 0 30 0 31 0 33 0 35 0 36 0 37 0 54 0 55 0 57 0 60
Case 188
4 4 5 5 7 7 9 9 6 10 11 11 6 14 4 16 5 17 7 19 0 30 0 31 0 33 0 35 0 36 0 37 0 54 0 55 0 57 0 68
Case 189
4 4 5 5 7 7 9 9 6 10 11 11 6 15 4 16 5 17 7 19 0 30 0 31 0 33 0 35 0 36 0 37 0 53 0 54 0 55 0 57
Case 190
4 4 5 5 7 7 9 9 6 10 11 11 6 15 4 16 5 17 7 19 0 30 0 31 0 33 0 35 0 36 0 37 0 54 0 55 0 57 0 61
Case 191
4 4 5 5 7 7 9 9 6 10 11 11 6 15 4 16 5 17 7 19 0 30 0 31 0 33 0 35 0 36 0 37 0 54 0 55 0 57 0 69
Case 192
4 4 5 5 7 7 9 9 6 10 11 11 4 16 5 17 6 18 7 19 0 30 0 31 0 33 0 35 0 36 0 37 0 54 0 55 0 56 0 57
Case 193
4 4 5 5 7 7 9 9 6 10 11 11 4 16 5 17 6 18 7 19 0 30 0 31 0 33 0 35 0 36 0 37 0 54 0 55 0 57 0 64
Case 194
4 4 5 5 7 7 9 9 6 10 11 11 4 16 5 17 6 18 7 19 0 30 0 31 0 33 0 35 0 36 0 37 0 54 0 55 0 57 0 72
Case 195
4 4 5 5 7 7 9 9 6 10 11 11 6 12 4 16 5 17 7 19 0 30 0 31 0 33 0 35 0 37 0 48 0 50 0 54 0 55 0 57
Case 196
4 4 5 5 7 7 9 9 6 10 11 11 6 12 4 16 5 17 7 19 0 30 0 31 0 33 0 35 0 37 0 48 0 54 0 55 0 57 0 58
Case 197
4 4 5 5 7 7 9 9 6 10 11 11 6 12 4 16 5 17 7 19 0 30 0 31 0 33 0 35 0 37 0 48 0 54 0 55 0 57 0 66
Case 198
4 4 5 5 7 7 9 9 6 10 11 11 6 13 4 16 5 17 7 19 0 30 0 31 0 33 0 35 0 37 0 48 0 51 0 54 0 55 0 57
Case 199
4 4 5 5 7 7 9 9 6 10 11 11 6 13 4 16 5 17 7 19 0 30 0 31 0 33 0 35 0 37 0 48 0 54 0 55 0 57 0 59
Case 200
4 4 5 5 7 7 9 9 6 10 11 11 6 13 4 16 5 17 7 19 0 30 0 31 0 33 0 35 0 37 0 48 0 54 0 55 0 57 0 67
Case 201
4 4 5 5 7 7 9 9 6 10 11 11 6 14 4 16 5 17 7 19 0 30 0 31 0 33 0 35 0 37 0 48 0 52 0 54 0 55 0 57
Case 202
4 4 5 5 7 7 9 9 6 10 11 11 6 14 4 16 5 17 7 19 0 30 0 31 0 33 0 35 0 37 0 48 0 54 0 55 0 57 0 60
Case 203
4 4 5 5 7 7 9 9 6 10 11 11 6 14 4 16 5 17 7 19 0 30 0 31 0 33 0 35 0 37 0 48 0 54 0 55 0 57 0 68
Case 204
4 4 5 5 7 7 9 9 6 10 11 11 6 15 4 16 5 17 7 19 0 30 0 31 0 33 0 35 0 37 0 48 0 53 0 54 0 55 0 57
Case 205
4 4 5 5 7 7 9 9 6 10 11 11 6 15 4 16 5 17 7 19 0 30 0 31 0 33 0 35 0 37 0 48 0 54 0 55 0 57 0 61
Case 206
4 4 5 5 7 7 9 9 6 10 11 11 6 15 4 16 5 17 7 19 0 30 0 31 0 33 0 35 0 37 0 48 0 54 0 55 0 57 0 69
Case 207
4 4 5 5 7 7 9 9 6 10 11 11 4 16 5 17 6 18 7 19 0 30 0 31 0 33 0 35 0 37 0 48 0 54 0 55 0 56 0 57
Case 208
4 4 5 5 7 7 9 9 6 10 11 11 4 16 5 17 6 18 7 19 0 30 0 31 0 33 0 35 0 37 0 48 0 54 0 55 0 57 0 64
Case 209
4 4 5 5 7 7 9 9 6 10 11 11 4 16 5 17 6 18 7 19 0 30 0 31 0 33 0 35 0 37 0 48 0 54 0 55 0 57 0 72
