Case 0
7 0 5 4 4 5 6 7 9 9 11 11 6 12 4 16 5 17 7 19 4 24 5 25 0 26 0 30 0 31 0 33 0 35 0 37 0 50 0 54 0 55 0 57
Case 1
7 0 5 4 4 5 6 7 9 9 11 11 6 12 4 16 5 17 7 19 4 24 5 25 0 26 0 30 0 31 0 33 0 35 0 37 0 54 0 55 0 57 0 58
Case 2
7 0 5 4 4 5 6 7 9 9 11 11 6 12 4 16 5 17 7 19 4 24 5 25 0 26 0 30 0 31 0 33 0 35 0 37 0 54 0 55 0 57 0 66
Case 3
7 0 5 4 4 5 6 7 9 9 11 11 6 13 4 16 5 17 7 19 4 24 5 25 0 26 0 30 0 31 0 33 0 35 0 37 0 51 0 54 0 55 0 57
Case 4
7 0 5 4 4 5 6 7 9 9 11 11 6 13 4 16 5 17 7 19 4 24 5 25 0 26 0 30 0 31 0 33 0 35 0 37 0 54 0 55 0 57 0 59
Case 5
7 0 5 4 4 5 6 7 9 9 11 11 6 13 4 16 5 17 7 19 4 24 5 25 0 26 0 30 0 31 0 33 0 35 0 37 0 54 0 55 0 57 0 67
Case 6
7 0 5 4 4 5 6 7 9 9 11 11 6 14 4 16 5 17 7 19 4 24 5 25 0 26 0 30 0 31 0 33 0 35 0 37 0 52 0 54 0 55 0 57
Case 7
7 0 5 4 4 5 6 7 9 9 11 11 6 14 4 16 5 17 7 19 4 24 5 25 0 26 0 30 0 31 0 33 0 35 0 37 0 54 0 55 0 57 0 60
Case 8
7 0 5 4 4 5 6 7 9 9 11 11 6 14 4 16 5 17 7 19 4 24 5 25 0 26 0 30 0 31 0 33 0 35 0 37 0 54 0 55 0 57 0 68
Case 9
7 0 5 4 4 5 6 7 9 9 11 11 6 15 4 16 5 17 7 19 4 24 5 25 0 26 0 30 0 31 0 33 0 35 0 37 0 53 0 54 0 55 0 57
Case 10
7 0 5 4 4 5 6 7 9 9 11 11 6 15 4 16 5 17 7 19 4 24 5 25 0 26 0 30 0 31 0 33 0 35 0 37 0 54 0 55 0 57 0 61
Case 11
7 0 5 4 4 5 6 7 9 9 11 11 6 15 4 16 5 17 7 19 4 24 5 25 0 26 0 30 0 31 0 33 0 35 0 37 0 54 0 55 0 57 0 69
Case 12
7 0 5 4 4 5 6 7 9 9 11 11 4 16 5 17 6 18 7 19 4 24 5 25 0 26 0 30 0 31 0 33 0 35 0 37 0 54 0 55 0 56 0 57
Case 13
7 0 5 4 4 5 6 7 9 9 11 11 4 16 5 17 6 18 7 19 4 24 5 25 0 26 0 30 0 31 0 33 0 35 0 37 0 54 0 55 0 57 0 64
Case 14
7 0 5 4 4 5 6 7 9 9 11 11 4 16 5 17 6 18 7 19 4 24 5 25 0 26 0 30 0 31 0 33 0 35 0 37 0 54 0 55 0 57 0 72
Case 15
7 0 5 4 4 5 6 7 9 9 11 11 6 12 4 16 5 17 7 19 4 24 5 25 0 30 0 31 0 33 0 35 0 37 0 38 0 50 0 54 0 55 0 57
Case 16
7 0 5 4 4 5 6 7 9 9 11 11 6 12 4 16 5 17 7 19 4 24 5 25 0 30 0 31 0 33 0 35 0 37 0 38 0 54 0 55 0 57 0 58
Case 17
7 0 5 4 4 5 6 7 9 9 11 11 6 12 4 16 5 17 7 19 4 24 5 25 0 30 0 31 0 33 0 35 0 37 0 38 0 54 0 55 0 57 0 66
Case 18
7 0 5 4 4 5 6 7 9 9 11 11 6 13 4 16 5 17 7 19 4 24 5 25 0 30 0 31 0 33 0 35 0 37 0 38 0 51 0 54 0 55 0 57
Case 19
7 0 5 4 4 5 6 7 9 9 11 11 6 13 4 16 5 17 7 19 4 24 5 25 0 30 0 31 0 33 0 35 0 37 0 38 0 54 0 55 0 57 0 59
Case 20
7 0 5 4 4 5 6 7 9 9 11 11 6 13 4 16 5 17 7 19 4 24 5 25 0 30 0 31 0 33 0 35 0 37 0 38 0 54 0 55 0 57 0 67
Case 21
7 0 5 4 4 5 6 7 9 9 11 11 6 14 4 16 5 17 7 19 4 24 5 25 0 30 0 31 0 33 0 35 0 37 0 38 0 52 0 54 0 55 0 57
Case 22
7 0 5 4 4 5 6 7 9 9 11 11 6 14 4 16 5 17 7 19 4 24 5 25 0 30 0 31 0 33 0 35 0 37 0 38 0 54 0 55 0 57 0 60
Case 23
7 0 5 4 4 5 6 7 9 9 11 11 6 14 4 16 5 17 7 19 4 24 5 25 0 30 0 31 0 33 0 35 0 37 0 38 0 54 0 55 0 57 0 68
Case 24
7 0 5 4 4 5 6 7 9 9 11 11 6 15 4 16 5 17 7 19 4 24 5 25 0 30 0 31 0 33 0 35 0 37 0 38 0 53 0 54 0 55 0 57
Case 25
7 0 5 4 4 5 6 7 9 9 11 11 6 15 4 16 5 17 7 19 4 24 5 25 0 30 0 31 0 33 0 35 0 37 0 38 0 54 0 55 0 57 0 61
Case 26
7 0 5 4 4 5 6 7 9 9 11 11 6 15 4 16 5 17 7 19 4 24 5 25 0 30 0 31 0 33 0 35 0 37 0 38 0 54 0 55 0 57 0 69
Case 27
7 0 5 4 4 5 6 7 9 9 11 11 4 16 5 17 6 18 7 19 4 24 5 25 0 30 0 31 0 33 0 35 0 37 0 38 0 54 0 55 0 56 0 57
Case 28
7 0 5 4 4 5 6 7 9 9 11 11 4 16 5 17 6 18 7 19 4 24 5 25 0 30 0 31 0 33 0 35 0 37 0 38 0 54 0 55 0 57 0 64
Case 29
7 0 5 4 4 5 6 7 9 9 11 11 4 16 5 17 6 18 7 19 4 24 5 25 0 30 0 31 0 33 0 35 0 37 0 38 0 54 0 55 0 57 0 72
Case 30
7 1 5 4 4 5 6 7 9 9 11 11 6 12 4 16 5 17 7 19 4 24 5 25 0 27 0 30 0 31 0 33 0 35 0 37 0 50 0 54 0 55 0 57
Case 31
7 1 5 4 4 5 6 7 9 9 11 11 6 12 4 16 5 17 7 19 4 24 5 25 0 27 0 30 0 31 0 33 0 35 0 37 0 54 0 55 0 57 0 58
Case 32
7 1 5 4 4 5 6 7 9 9 11 11 6 12 4 16 5 17 7 19 4 24 5 25 0 27 0 30 0 31 0 33 0 35 0 37 0 54 0 55 0 57 0 66
Case 33
7 1 5 4 4 5 6 7 9 9 11 11 6 13 4 16 5 17 7 19 4 24 5 25 0 27 0 30 0 31 0 33 0 35 0 37 0 51 0 54 0 55 0 57
Case 34
7 1 5 4 4 5 6 7 9 9 11 11 6 13 4 16 5 17 7 19 4 24 5 25 0 27 0 30 0 31 0 33 0 35 0 37 0 54 0 55 0 57 0 59
Case 35
7 1 5 4 4 5 6 7 9 9 11 11 6 13 4 16 5 17 7 19 4 24 5 25 0 27 0 30 0 31 0 33 0 35 0 37 0 54 0 55 0 57 0 67
Case 36
7 1 5 4 4 5 6 7 9 9 11 11 6 14 4 16 5 17 7 19 4 24 5 25 0 27 0 30 0 31 0 33 0 35 0 37 0 52 0 54 0 55 0 57
Case 37
7 1 5 4 4 5 6 7 9 9 11 11 6 14 4 16 5 17 7 19 4 24 5 25 0 27 0 30 0 31 0 33 0 35 0 37 0 54 0 55 0 57 0 60
Case 38
7 1 5 4 4 5 6 7 9 9 11 11 6 14 4 16 5 17 7 19 4 24 5 25 0 27 0 30 0 31 0 33 0 35 0 37 0 54 0 55 0 57 0 68
Case 39
7 1 5 4 4 5 6 7 9 9 11 11 6 15 4 16 5 17 7 19 4 24 5 25 0 27 0 30 0 31 0 33 0 35 0 37 0 53 0 54 0 55 0 57
Case 40
7 1 5 4 4 5 6 7 9 9 11 11 6 15 4 16 5 17 7 19 4 24 5 25 0 27 0 30 0 31 0 33 0 35 0 37 0 54 0 55 0 57 0 61
Case 41
7 1 5 4 4 5 6 7 9 9 11 11 6 15 4 16 5 17 7 19 4 24 5 25 0 27 0 30 0 31 0 33 0 35 0 37 0 54 0 55 0 57 0 69
Case 42
7 1 5 4 4 5 6 7 9 9 11 11 4 16 5 17 6 18 7 19 4 24 5 25 0 27 0 30 0 31 0 33 0 35 0 37 0 54 0 55 0 56 0 57
Case 43
7 1 5 4 4 5 6 7 9 9 11 11 4 16 5 17 6 18 7 19 4 24 5 25 0 27 0 30 0 31 0 33 0 35 0 37 0 54 0 55 0 57 0 64
Case 44
7 1 5 4 4 5 6 7 9 9 11 11 4 16 5 17 6 18 7 19 4 24 5 25 0 27 0 30 0 31 0 33 0 35 0 37 0 54 0 55 0 57 0 72
Case 45
7 1 5 4 4 5 6 7 9 9 11 11 6 12 4 16 5 17 7 19 4 24 5 25 0 30 0 31 0 33 0 35 0 37 0 39 0 50 0 54 0 55 0 57
Case 46
7 1 5 4 4 5 6 7 9 9 11 11 6 12 4 16 5 17 7 19 4 24 5 25 0 30 0 31 0 33 0 35 0 37 0 39 0 54 0 55 0 57 0 58
Case 47
7 1 5 4 4 5 6 7 9 9 11 11 6 12 4 16 5 17 7 19 4 24 5 25 0 30 0 31 0 33 0 35 0 37 0 39 0 54 0 55 0 57 0 66
Case 48
7 1 5 4 4 5 6 7 9 9 11 11 6 13 4 16 5 17 7 19 4 24 5 25 0 30 0 31 0 33 0 35 0 37 0 39 0 51 0 54 0 55 0 57
Case 49
7 1 5 4 4 5 6 7 9 9 11 11 6 13 4 16 5 17 7 19 4 24 5 25 0 30 0 31 0 33 0 35 0 37 0 39 0 54 0 55 0 57 0 59
Case 50
7 1 5 4 4 5 6 7 9 9 11 11 6 13 4 16 5 17 7 19 4 24 5 25 0 30 0 31 0 33 0 35 0 37 0 39 0 54 0 55 0 57 0 67
Case 51
7 1 5 4 4 5 6 7 9 9 11 11 6 14 4 16 5 17 7 19 4 24 5 25 0 30 0 31 0 33 0 35 0 37 0 39 0 52 0 54 0 55 0 57
Case 52
7 1 5 4 4 5 6 7 9 9 11 11 6 14 4 16 5 17 7 19 4 24 5 25 0 30 0 31 0 33 0 35 0 37 0 39 0 54 0 55 0 57 0 60
Case 53
7 1 5 4 4 5 6 7 9 9 11 11 6 14 4 16 5 17 7 19 4 24 5 25 0 30 0 31 0 33 0 35 0 37 0 39 0 54 0 55 0 57 0 68
Case 54
7 1 5 4 4 5 6 7 9 9 11 11 6 15 4 16 5 17 7 19 4 24 5 25 0 30 0 31 0 33 0 35 0 37 0 39 0 53 0 54 0 55 0 57
Case 55
7 1 5 4 4 5 6 7 9 9 11 11 6 15 4 16 5 17 7 19 4 24 5 25 0 30 0 31 0 33 0 35 0 37 0 39 0 54 0 55 0 57 0 61
Case 56
7 1 5 4 4 5 6 7 9 9 11 11 6 15 4 16 5 17 7 19 4 24 5 25 0 30 0 31 0 33 0 35 0 37 0 39 0 54 0 55 0 57 0 69
Case 57
7 1 5 4 4 5 6 7 9 9 11 11 4 16 5 17 6 18 7 19 4 24 5 25 0 30 0 31 0 33 0 35 0 37 0 39 0 54 0 55 0 56 0 57
Case 58
7 1 5 4 4 5 6 7 9 9 11 11 4 16 5 17 6 18 7 19 4 24 5 25 0 30 0 31 0 33 0 35 0 37 0 39 0 54 0 55 0 57 0 64
Case 59
7 1 5 4 4 5 6 7 9 9 11 11 4 16 5 17 6 18 7 19 4 24 5 25 0 30 0 31 0 33 0 35 0 37 0 39 0 54 0 55 0 57 0 72
Case 60
7 2 5 4 4 5 6 7 9 9 11 11 6 12 4 16 5 17 7 19 4 24 5 25 0 28 0 30 0 31 0 33 0 35 0 37 0 50 0 54 0 55 0 57
Case 61
7 2 5 4 4 5 6 7 9 9 11 11 6 12 4 16 5 17 7 19 4 24 5 25 0 28 0 30 0 31 0 33 0 35 0 37 0 54 0 55 0 57 0 58
Case 62
7 2 5 4 4 5 6 7 9 9 11 11 6 12 4 16 5 17 7 19 4 24 5 25 0 28 0 30 0 31 0 33 0 35 0 37 0 54 0 55 0 57 0 66
Case 63
7 2 5 4 4 5 6 7 9 9 11 11 6 13 4 16 5 17 7 19 4 24 5 25 0 28 0 30 0 31 0 33 0 35 0 37 0 51 0 54 0 55 0 57
Case 64
7 2 5 4 4 5 6 7 9 9 11 11 6 13 4 16 5 17 7 19 4 24 5 25 0 28 0 30 0 31 0 33 0 35 0 37 0 54 0 55 0 57 0 59
Case 65
7 2 5 4 4 5 6 7 9 9 11 11 6 13 4 16 5 17 7 19 4 24 5 25 0 28 0 30 0 31 0 33 0 35 0 37 0 54 0 55 0 57 0 67
Case 66
7 2 5 4 4 5 6 7 9 9 11 11 6 14 4 16 5 17 7 19 4 24 5 25 0 28 0 30 0 31 0 33 0 35 0 37 0 52 0 54 0 55 0 57
Case 67
7 2 5 4 4 5 6 7 9 9 11 11 6 14 4 16 5 17 7 19 4 24 5 25 0 28 0 30 0 31 0 33 0 35 0 37 0 54 0 55 0 57 0 60
Case 68
7 2 5 4 4 5 6 7 9 9 11 11 6 14 4 16 5 17 7 19 4 24 5 25 0 28 0 30 0 31 0 33 0 35 0 37 0 54 0 55 0 57 0 68
Case 69
7 2 5 4 4 5 6 7 9 9 11 11 6 15 4 16 5 17 7 19 4 24 5 25 0 28 0 30 0 31 0 33 0 35 0 37 0 53 0 54 0 55 0 57
Case 70
7 2 5 4 4 5 6 7 9 9 11 11 6 15 4 16 5 17 7 19 4 24 5 25 0 28 0 30 0 31 0 33 0 35 0 37 0 54 0 55 0 57 0 61
Case 71
7 2 5 4 4 5 6 7 9 9 11 11 6 15 4 16 5 17 7 19 4 24 5 25 0 28 0 30 0 31 0 33 0 35 0 37 0 54 0 55 0 57 0 69
Case 72
7 2 5 4 4 5 6 7 9 9 11 11 4 16 5 17 6 18 7 19 4 24 5 25 0 28 0 30 0 31 0 33 0 35 0 37 0 54 0 55 0 56 0 57
Case 73
7 2 5 4 4 5 6 7 9 9 11 11 4 16 5 17 6 18 7 19 4 24 5 25 0 28 0 30 0 31 0 33 0 35 0 37 0 54 0 55 0 57 0 64
Case 74
7 2 5 4 4 5 6 7 9 9 11 11 4 16 5 17 6 18 7 19 4 24 5 25 0 28 0 30 0 31 0 33 0 35 0 37 0 54 0 55 0 57 0 72
Case 75
7 2 5 4 4 5 6 7 9 9 11 11 6 12 4 16 5 17 7 19 4 24 5 25 0 30 0 31 0 33 0 35 0 37 0 40 0 50 0 54 0 55 0 57
Case 76
7 2 5 4 4 5 6 7 9 9 11 11 6 12 4 16 5 17 7 19 4 24 5 25 0 30 0 31 0 33 0 35 0 37 0 40 0 54 0 55 0 57 0 58
Case 77
7 2 5 4 4 5 6 7 9 9 11 11 6 12 4 16 5 17 7 19 4 24 5 25 0 30 0 31 0 33 0 35 0 37 0 40 0 54 0 55 0 57 0 66
Case 78
7 2 5 4 4 5 6 7 9 9 11 11 6 13 4 16 5 17 7 19 4 24 5 25 0 30 0 31 0 33 0 35 0 37 0 40 0 51 0 54 0 55 0 57
Case 79
7 2 5 4 4 5 6 7 9 9 11 11 6 13 4 16 5 17 7 19 4 24 5 25 0 30 0 31 0 33 0 35 0 37 0 40 0 54 0 55 0 57 0 59
Case 80
7 2 5 4 4 5 6 7 9 9 11 11 6 13 4 16 5 17 7 19 4 24 5 25 0 30 0 31 0 33 0 35 0 37 0 40 0 54 0 55 0 57 0 67
Case 81
7 2 5 4 4 5 6 7 9 9 11 11 6 14 4 16 5 17 7 19 4 24 5 25 0 30 0 31 0 33 0 35 0 37 0 40 0 52 0 54 0 55 0 57
Case 82
7 2 5 4 4 5 6 7 9 9 11 11 6 14 4 16 5 17 7 19 4 24 5 25 0 30 0 31 0 33 0 35 0 37 0 40 0 54 0 55 0 57 0 60
Case 83
7 2 5 4 4 5 6 7 9 9 11 11 6 14 4 16 5 17 7 19 4 24 5 25 0 30 0 31 0 33 0 35 0 37 0 40 0 54 0 55 0 57 0 68
Case 84
7 2 5 4 4 5 6 7 9 9 11 11 6 15 4 16 5 17 7 19 4 24 5 25 0 30 0 31 0 33 0 35 0 37 0 40 0 53 0 54 0 55 0 57
Case 85
7 2 5 4 4 5 6 7 9 9 11 11 6 15 4 16 5 17 7 19 4 24 5 25 0 30 0 31 0 33 0 35 0 37 0 40 0 54 0 55 0 57 0 61
Case 86
7 2 5 4 4 5 6 7 9 9 11 11 6 15 4 16 5 17 7 19 4 24 5 25 0 30 0 31 0 33 0 35 0 37 0 40 0 54 0 55 0 57 0 69
Case 87
7 2 5 4 4 5 6 7 9 9 11 11 4 16 5 17 6 18 7 19 4 24 5 25 0 30 0 31 0 33 0 35 0 37 0 40 0 54 0 55 0 56 0 57
Case 88
7 2 5 4 4 5 6 7 9 9 11 11 4 16 5 17 6 18 7 19 4 24 5 25 0 30 0 31 0 33 0 35 0 37 0 40 0 54 0 55 0 57 0 64
Case 89
7 2 5 4 4 5 6 7 9 9 11 11 4 16 5 17 6 18 7 19 4 24 5 25 0 30 0 31 0 33 0 35 0 37 0 40 0 54 0 55 0 57 0 72
Case 90
7 3 5 4 4 5 6 7 9 9 11 11 6 12 4 16 5 17 7 19 4 24 5 25 0 29 0 30 0 31 0 33 0 35 0 37 0 50 0 54 0 55 0 57
Case 91
7 3 5 4 4 5 6 7 9 9 11 11 6 12 4 16 5 17 7 19 4 24 5 25 0 29 0 30 0 31 0 33 0 35 0 37 0 54 0 55 0 57 0 58
Case 92
7 3 5 4 4 5 6 7 9 9 11 11 6 12 4 16 5 17 7 19 4 24 5 25 0 29 0 30 0 31 0 33 0 35 0 37 0 54 0 55 0 57 0 66
Case 93
7 3 5 4 4 5 6 7 9 9 11 11 6 13 4 16 5 17 7 19 4 24 5 25 0 29 0 30 0 31 0 33 0 35 0 37 0 51 0 54 0 55 0 57
Case 94
7 3 5 4 4 5 6 7 9 9 11 11 6 13 4 16 5 17 7 19 4 24 5 25 0 29 0 30 0 31 0 33 0 35 0 37 0 54 0 55 0 57 0 59
Case 95
7 3 5 4 4 5 6 7 9 9 11 11 6 13 4 16 5 17 7 19 4 24 5 25 0 29 0 30 0 31 0 33 0 35 0 37 0 54 0 55 0 57 0 67
Case 96
7 3 5 4 4 5 6 7 9 9 11 11 6 14 4 16 5 17 7 19 4 24 5 25 0 29 0 30 0 31 0 33 0 35 0 37 0 52 0 54 0 55 0 57
Case 97
7 3 5 4 4 5 6 7 9 9 11 11 6 14 4 16 5 17 7 19 4 24 5 25 0 29 0 30 0 31 0 33 0 35 0 37 0 54 0 55 0 57 0 60
Case 98
7 3 5 4 4 5 6 7 9 9 11 11 6 14 4 16 5 17 7 19 4 24 5 25 0 29 0 30 0 31 0 33 0 35 0 37 0 54 0 55 0 57 0 68
Case 99
7 3 5 4 4 5 6 7 9 9 11 11 6 15 4 16 5 17 7 19 4 24 5 25 0 29 0 30 0 31 0 33 0 35 0 37 0 53 0 54 0 55 0 57
Case 100
7 3 5 4 4 5 6 7 9 9 11 11 6 15 4 16 5 17 7 19 4 24 5 25 0 29 0 30 0 31 0 33 0 35 0 37 0 54 0 55 0 57 0 61
Case 101
7 3 5 4 4 5 6 7 9 9 11 11 6 15 4 16 5 17 7 19 4 24 5 25 0 29 0 30 0 31 0 33 0 35 0 37 0 54 0 55 0 57 0 69
Case 102
7 3 5 4 4 5 6 7 9 9 11 11 4 16 5 17 6 18 7 19 4 24 5 25 0 29 0 30 0 31 0 33 0 35 0 37 0 54 0 55 0 56 0 57
Case 103
7 3 5 4 4 5 6 7 9 9 11 11 4 16 5 17 6 18 7 19 4 24 5 25 0 29 0 30 0 31 0 33 0 35 0 37 0 54 0 55 0 57 0 64
Case 104
7 3 5 4 4 5 6 7 9 9 11 11 4 16 5 17 6 18 7 19 4 24 5 25 0 29 0 30 0 31 0 33 0 35 0 37 0 54 0 55 0 57 0 72
Case 105
7 3 5 4 4 5 6 7 9 9 11 11 6 12 4 16 5 17 7 19 4 24 5 25 0 30 0 31 0 33 0 35 0 37 0 41 0 50 0 54 0 55 0 57
Case 106
7 3 5 4 4 5 6 7 9 9 11 11 6 12 4 16 5 17 7 19 4 24 5 25 0 30 0 31 0 33 0 35 0 37 0 41 0 54 0 55 0 57 0 58
Case 107
7 3 5 4 4 5 6 7 9 9 11 11 6 12 4 16 5 17 7 19 4 24 5 25 0 30 0 31 0 33 0 35 0 37 0 41 0 54 0 55 0 57 0 66
Case 108
7 3 5 4 4 5 6 7 9 9 11 11 6 13 4 16 5 17 7 19 4 24 5 25 0 30 0 31 0 33 0 35 0 37 0 41 0 51 0 54 0 55 0 57
Case 109
7 3 5 4 4 5 6 7 9 9 11 11 6 13 4 16 5 17 7 19 4 24 5 25 0 30 0 31 0 33 0 35 0 37 0 41 0 54 0 55 0 57 0 59
Case 110
7 3 5 4 4 5 6 7 9 9 11 11 6 13 4 16 5 17 7 19 4 24 5 25 0 30 0 31 0 33 0 35 0 37 0 41 0 54 0 55 0 57 0 67
Case 111
7 3 5 4 4 5 6 7 9 9 11 11 6 14 4 16 5 17 7 19 4 24 5 25 0 30 0 31 0 33 0 35 0 37 0 41 0 52 0 54 0 55 0 57
Case 112
7 3 5 4 4 5 6 7 9 9 11 11 6 14 4 16 5 17 7 19 4 24 5 25 0 30 0 31 0 33 0 35 0 37 0 41 0 54 0 55 0 57 0 60
Case 113
7 3 5 4 4 5 6 7 9 9 11 11 6 14 4 16 5 17 7 19 4 24 5 25 0 30 0 31 0 33 0 35 0 37 0 41 0 54 0 55 0 57 0 68
Case 114
7 3 5 4 4 5 6 7 9 9 11 11 6 15 4 16 5 17 7 19 4 24 5 25 0 30 0 31 0 33 0 35 0 37 0 41 0 53 0 54 0 55 0 57
Case 115
7 3 5 4 4 5 6 7 9 9 11 11 6 15 4 16 5 17 7 19 4 24 5 25 0 30 0 31 0 33 0 35 0 37 0 41 0 54 0 55 0 57 0 61
Case 116
7 3 5 4 4 5 6 7 9 9 11 11 6 15 4 16 5 17 7 19 4 24 5 25 0 30 0 31 0 33 0 35 0 37 0 41 0 54 0 55 0 57 0 69
Case 117
7 3 5 4 4 5 6 7 9 9 11 11 4 16 5 17 6 18 7 19 4 24 5 25 0 30 0 31 0 33 0 35 0 37 0 41 0 54 0 55 0 56 0 57
Case 118
7 3 5 4 4 5 6 7 9 9 11 11 4 16 5 17 6 18 7 19 4 24 5 25 0 30 0 31 0 33 0 35 0 37 0 41 0 54 0 55 0 57 0 64
Case 119
7 3 5 4 4 5 6 7 9 9 11 11 4 16 5 17 6 18 7 19 4 24 5 25 0 30 0 31 0 33 0 35 0 37 0 41 0 54 0 55 0 57 0 72
Case 120
5 4 4 5 7 6 6 7 9 9 11 11 6 12 4 16 5 17 7 19 4 24 5 25 0 30 0 31 0 32 0 33 0 35 0 37 0 50 0 54 0 55 0 57
Case 121
5 4 4 5 7 6 6 7 9 9 11 11 6 12 4 16 5 17 7 19 4 24 5 25 0 30 0 31 0 32 0 33 0 35 0 37 0 54 0 55 0 57 0 58
Case 122
5 4 4 5 7 6 6 7 9 9 11 11 6 12 4 16 5 17 7 19 4 24 5 25 0 30 0 31 0 32 0 33 0 35 0 37 0 54 0 55 0 57 0 66
Case 123
5 4 4 5 7 6 6 7 9 9 11 11 6 13 4 16 5 17 7 19 4 24 5 25 0 30 0 31 0 32 0 33 0 35 0 37 0 51 0 54 0 55 0 57
Case 124
5 4 4 5 7 6 6 7 9 9 11 11 6 13 4 16 5 17 7 19 4 24 5 25 0 30 0 31 0 32 0 33 0 35 0 37 0 54 0 55 0 57 0 59
Case 125
5 4 4 5 7 6 6 7 9 9 11 11 6 13 4 16 5 17 7 19 4 24 5 25 0 30 0 31 0 32 0 33 0 35 0 37 0 54 0 55 0 57 0 67
Case 126
5 4 4 5 7 6 6 7 9 9 11 11 6 14 4 16 5 17 7 19 4 24 5 25 0 30 0 31 0 32 0 33 0 35 0 37 0 52 0 54 0 55 0 57
Case 127
5 4 4 5 7 6 6 7 9 9 11 11 6 14 4 16 5 17 7 19 4 24 5 25 0 30 0 31 0 32 0 33 0 35 0 37 0 54 0 55 0 57 0 60
Case 128
5 4 4 5 7 6 6 7 9 9 11 11 6 14 4 16 5 17 7 19 4 24 5 25 0 30 0 31 0 32 0 33 0 35 0 37 0 54 0 55 0 57 0 68
Case 129
5 4 4 5 7 6 6 7 9 9 11 11 6 15 4 16 5 17 7 19 4 24 5 25 0 30 0 31 0 32 0 33 0 35 0 37 0 53 0 54 0 55 0 57
Case 130
5 4 4 5 7 6 6 7 9 9 11 11 6 15 4 16 5 17 7 19 4 24 5 25 0 30 0 31 0 32 0 33 0 35 0 37 0 54 0 55 0 57 0 61
Case 131
5 4 4 5 7 6 6 7 9 9 11 11 6 15 4 16 5 17 7 19 4 24 5 25 0 30 0 31 0 32 0 33 0 35 0 37 0 54 0 55 0 57 0 69
Case 132
5 4 4 5 7 6 6 7 9 9 11 11 4 16 5 17 6 18 7 19 4 24 5 25 0 30 0 31 0 32 0 33 0 35 0 37 0 54 0 55 0 56 0 57
Case 133
5 4 4 5 7 6 6 7 9 9 11 11 4 16 5 17 6 18 7 19 4 24 5 25 0 30 0 31 0 32 0 33 0 35 0 37 0 54 0 55 0 57 0 64
Case 134
5 4 4 5 7 6 6 7 9 9 11 11 4 16 5 17 6 18 7 19 4 24 5 25 0 30 0 31 0 32 0 33 0 35 0 37 0 54 0 55 0 57 0 72
Case 135
5 4 4 5 7 6 6 7 9 9 11 11 6 12 4 16 5 17 7 19 4 24 5 25 0 30 0 31 0 33 0 35 0 37 0 44 0 50 0 54 0 55 0 57
Case 136
5 4 4 5 7 6 6 7 9 9 11 11 6 12 4 16 5 17 7 19 4 24 5 25 0 30 0 31 0 33 0 35 0 37 0 44 0 54 0 55 0 57 0 58
Case 137
5 4 4 5 7 6 6 7 9 9 11 11 6 12 4 16 5 17 7 19 4 24 5 25 0 30 0 31 0 33 0 35 0 37 0 44 0 54 0 55 0 57 0 66
Case 138
5 4 4 5 7 6 6 7 9 9 11 11 6 13 4 16 5 17 7 19 4 24 5 25 0 30 0 31 0 33 0 35 0 37 0 44 0 51 0 54 0 55 0 57
Case 139
5 4 4 5 7 6 6 7 9 9 11 11 6 13 4 16 5 17 7 19 4 24 5 25 0 30 0 31 0 33 0 35 0 37 0 44 0 54 0 55 0 57 0 59
Case 140
5 4 4 5 7 6 6 7 9 9 11 11 6 13 4 16 5 17 7 19 4 24 5 25 0 30 0 31 0 33 0 35 0 37 0 44 0 54 0 55 0 57 0 67
Case 141
5 4 4 5 7 6 6 7 9 9 11 11 6 14 4 16 5 17 7 19 4 24 5 25 0 30 0 31 0 33 0 35 0 37 0 44 0 52 0 54 0 55 0 57
Case 142
5 4 4 5 7 6 6 7 9 9 11 11 6 14 4 16 5 17 7 19 4 24 5 25 0 30 0 31 0 33 0 35 0 37 0 44 0 54 0 55 0 57 0 60
Case 143
5 4 4 5 7 6 6 7 9 9 11 11 6 14 4 16 5 17 7 19 4 24 5 25 0 30 0 31 0 33 0 35 0 37 0 44 0 54 0 55 0 57 0 68
Case 144
5 4 4 5 7 6 6 7 9 9 11 11 6 15 4 16 5 17 7 19 4 24 5 25 0 30 0 31 0 33 0 35 0 37 0 44 0 53 0 54 0 55 0 57
Case 145
5 4 4 5 7 6 6 7 9 9 11 11 6 15 4 16 5 17 7 19 4 24 5 25 0 30 0 31 0 33 0 35 0 37 0 44 0 54 0 55 0 57 0 61
Case 146
5 4 4 5 7 6 6 7 9 9 11 11 6 15 4 16 5 17 7 19 4 24 5 25 0 30 0 31 0 33 0 35 0 37 0 44 0 54 0 55 0 57 0 69
Case 147
5 4 4 5 7 6 6 7 9 9 11 11 4 16 5 17 6 18 7 19 4 24 5 25 0 30 0 31 0 33 0 35 0 37 0 44 0 54 0 55 0 56 0 57
Case 148
5 4 4 5 7 6 6 7 9 9 11 11 4 16 5 17 6 18 7 19 4 24 5 25 0 30 0 31 0 33 0 35 0 37 0 44 0 54 0 55 0 57 0 64
Case 149
5 4 4 5 7 6 6 7 9 9 11 11 4 16 5 17 6 18 7 19 4 24 5 25 0 30 0 31 0 33 0 35 0 37 0 44 0 54 0 55 0 57 0 72
Case 150
5 4 4 5 6 7 7 8 9 9 11 11 6 12 4 16 5 17 7 19 4 24 5 25 0 30 0 31 0 33 0 34 0 35 0 37 0 50 0 54 0 55 0 57
Case 151
5 4 4 5 6 7 7 8 9 9 11 11 6 12 4 16 5 17 7 19 4 24 5 25 0 30 0 31 0 33 0 34 0 35 0 37 0 54 0 55 0 57 0 58
Case 152
5 4 4 5 6 7 7 8 9 9 11 11 6 12 4 16 5 17 7 19 4 24 5 25 0 30 0 31 0 33 0 34 0 35 0 37 0 54 0 55 0 57 0 66
Case 153
5 4 4 5 6 7 7 8 9 9 11 11 6 13 4 16 5 17 7 19 4 24 5 25 0 30 0 31 0 33 0 34 0 35 0 37 0 51 0 54 0 55 0 57
Case 154
5 4 4 5 6 7 7 8 9 9 11 11 6 13 4 16 5 17 7 19 4 24 5 25 0 30 0 31 0 33 0 34 0 35 0 37 0 54 0 55 0 57 0 59
Case 155
5 4 4 5 6 7 7 8 9 9 11 11 6 13 4 16 5 17 7 19 4 24 5 25 0 30 0 31 0 33 0 34 0 35 0 37 0 54 0 55 0 57 0 67
Case 156
5 4 4 5 6 7 7 8 9 9 11 11 6 14 4 16 5 17 7 19 4 24 5 25 0 30 0 31 0 33 0 34 0 35 0 37 0 52 0 54 0 55 0 57
Case 157
5 4 4 5 6 7 7 8 9 9 11 11 6 14 4 16 5 17 7 19 4 24 5 25 0 30 0 31 0 33 0 34 0 35 0 37 0 54 0 55 0 57 0 60
Case 158
5 4 4 5 6 7 7 8 9 9 11 11 6 14 4 16 5 17 7 19 4 24 5 25 0 30 0 31 0 33 0 34 0 35 0 37 0 54 0 55 0 57 0 68
Case 159
5 4 4 5 6 7 7 8 9 9 11 11 6 15 4 16 5 17 7 19 4 24 5 25 0 30 0 31 0 33 0 34 0 35 0 37 0 53 0 54 0 55 0 57
Case 160
5 4 4 5 6 7 7 8 9 9 11 11 6 15 4 16 5 17 7 19 4 24 5 25 0 30 0 31 0 33 0 34 0 35 0 37 0 54 0 55 0 57 0 61
Case 161
5 4 4 5 6 7 7 8 9 9 11 11 6 15 4 16 5 17 7 19 4 24 5 25 0 30 0 31 0 33 0 34 0 35 0 37 0 54 0 55 0 57 0 69
Case 162
5 4 4 5 6 7 7 8 9 9 11 11 4 16 5 17 6 18 7 19 4 24 5 25 0 30 0 31 0 33 0 34 0 35 0 37 0 54 0 55 0 56 0 57
Case 163
5 4 4 5 6 7 7 8 9 9 11 11 4 16 5 17 6 18 7 19 4 24 5 25 0 30 0 31 0 33 0 34 0 35 0 37 0 54 0 55 0 57 0 64
Case 164
5 4 4 5 6 7 7 8 9 9 11 11 4 16 5 17 6 18 7 19 4 24 5 25 0 30 0 31 0 33 0 34 0 35 0 37 0 54 0 55 0 57 0 72
Case 165
5 4 4 5 6 7 7 8 9 9 11 11 6 12 4 16 5 17 7 19 4 24 5 25 0 30 0 31 0 33 0 35 0 37 0 46 0 50 0 54 0 55 0 57
Case 166
5 4 4 5 6 7 7 8 9 9 11 11 6 12 4 16 5 17 7 19 4 24 5 25 0 30 0 31 0 33 0 35 0 37 0 46 0 54 0 55 0 57 0 58
Case 167
5 4 4 5 6 7 7 8 9 9 11 11 6 12 4 16 5 17 7 19 4 24 5 25 0 30 0 31 0 33 0 35 0 37 0 46 0 54 0 55 0 57 0 66
Case 168
5 4 4 5 6 7 7 8 9 9 11 11 6 13 4 16 5 17 7 19 4 24 5 25 0 30 0 31 0 33 0 35 0 37 0 46 0 51 0 54 0 55 0 57
Case 169
5 4 4 5 6 7 7 8 9 9 11 11 6 13 4 16 5 17 7 19 4 24 5 25 0 30 0 31 0 33 0 35 0 37 0 46 0 54 0 55 0 57 0 59
Case 170
5 4 4 5 6 7 7 8 9 9 11 11 6 13 4 16 5 17 7 19 4 24 5 25 0 30 0 31 0 33 0 35 0 37 0 46 0 54 0 55 0 57 0 67
Case 171
5 4 4 5 6 7 7 8 9 9 11 11 6 14 4 16 5 17 7 19 4 24 5 25 0 30 0 31 0 33 0 35 0 37 0 46 0 52 0 54 0 55 0 57
Case 172
5 4 4 5 6 7 7 8 9 9 11 11 6 14 4 16 5 17 7 19 4 24 5 25 0 30 0 31 0 33 0 35 0 37 0 46 0 54 0 55 0 57 0 60
Case 173
5 4 4 5 6 7 7 8 9 9 11 11 6 14 4 16 5 17 7 19 4 24 5 25 0 30 0 31 0 33 0 35 0 37 0 46 0 54 0 55 0 57 0 68
Case 174
5 4 4 5 6 7 7 8 9 9 11 11 6 15 4 16 5 17 7 19 4 24 5 25 0 30 0 31 0 33 0 35 0 37 0 46 0 53 0 54 0 55 0 57
Case 175
5 4 4 5 6 7 7 8 9 9 11 11 6 15 4 16 5 17 7 19 4 24 5 25 0 30 0 31 0 33 0 35 0 37 0 46 0 54 0 55 0 57 0 61
Case 176
5 4 4 5 6 7 7 8 9 9 11 11 6 15 4 16 5 17 7 19 4 24 5 25 0 30 0 31 0 33 0 35 0 37 0 46 0 54 0 55 0 57 0 69
Case 177
5 4 4 5 6 7 7 8 9 9 11 11 4 16 5 17 6 18 7 19 4 24 5 25 0 30 0 31 0 33 0 35 0 37 0 46 0 54 0 55 0 56 0 57
Case 178
5 4 4 5 6 7 7 8 9 9 11 11 4 16 5 17 6 18 7 19 4 24 5 25 0 30 0 31 0 33 0 35 0 37 0 46 0 54 0 55 0 57 0 64
Case 179
5 4 4 5 6 7 7 8 9 9 11 11 4 16 5 17 6 18 7 19 4 24 5 25 0 30 0 31 0 33 0 35 0 37 0 46 0 54 0 55 0 57 0 72
Case 180
5 4 4 5 6 7 9 9 7 10 11 11 6 12 4 16 5 17 7 19 4 24 5 25 0 30 0 31 0 33 0 35 0 36 0 37 0 50 0 54 0 55 0 57
Case 181
5 4 4 5 6 7 9 9 7 10 11 11 6 12 4 16 5 17 7 19 4 24 5 25 0 30 0 31 0 33 0 35 0 36 0 37 0 54 0 55 0 57 0 58
Case 182
5 4 4 5 6 7 9 9 7 10 11 11 6 12 4 16 5 17 7 19 4 24 5 25 0 30 0 31 0 33 0 35 0 36 0 37 0 54 0 55 0 57 0 66
Case 183
5 4 4 5 6 7 9 9 7 10 11 11 6 13 4 16 5 17 7 19 4 24 5 25 0 30 0 31 0 33 0 35 0 36 0 37 0 51 0 54 0 55 0 57
Case 184
5 4 4 5 6 7 9 9 7 10 11 11 6 13 4 16 5 17 7 19 4 24 5 25 0 30 0 31 0 33 0 35 0 36 0 37 0 54 0 55 0 57 0 59
Case 185
5 4 4 5 6 7 9 9 7 10 11 11 6 13 4 16 5 17 7 19 4 24 5 25 0 30 0 31 0 33 0 35 0 36 0 37 0 54 0 55 0 57 0 67
Case 186
5 4 4 5 6 7 9 9 7 10 11 11 6 14 4 16 5 17 7 19 4 24 5 25 0 30 0 31 0 33 0 35 0 36 0 37 0 52 0 54 0 55 0 57
Case 187
5 4 4 5 6 7 9 9 7 10 11 11 6 14 4 16 5 17 7 19 4 24 5 25 0 30 0 31 0 33 0 35 0 36 0 37 0 54 0 55 0 57 0 60
Case 188
5 4 4 5 6 7 9 9 7 10 11 11 6 14 4 16 5 17 7 19 4 24 5 25 0 30 0 31 0 33 0 35 0 36 0 37 0 54 0 55 0 57 0 68
Case 189
5 4 4 5 6 7 9 9 7 10 11 11 6 15 4 16 5 17 7 19 4 24 5 25 0 30 0 31 0 33 0 35 0 36 0 37 0 53 0 54 0 55 0 57
Case 190
5 4 4 5 6 7 9 9 7 10 11 11 6 15 4 16 5 17 7 19 4 24 5 25 0 30 0 31 0 33 0 35 0 36 0 37 0 54 0 55 0 57 0 61
Case 191
5 4 4 5 6 7 9 9 7 10 11 11 6 15 4 16 5 17 7 19 4 24 5 25 0 30 0 31 0 33 0 35 0 36 0 37 0 54 0 55 0 57 0 69
Case 192
5 4 4 5 6 7 9 9 7 10 11 11 4 16 5 17 6 18 7 19 4 24 5 25 0 30 0 31 0 33 0 35 0 36 0 37 0 54 0 55 0 56 0 57
Case 193
5 4 4 5 6 7 9 9 7 10 11 11 4 16 5 17 6 18 7 19 4 24 5 25 0 30 0 31 0 33 0 35 0 36 0 37 0 54 0 55 0 57 0 64
Case 194
5 4 4 5 6 7 9 9 7 10 11 11 4 16 5 17 6 18 7 19 4 24 5 25 0 30 0 31 0 33 0 35 0 36 0 37 0 54 0 55 0 57 0 72
Case 195
5 4 4 5 6 7 9 9 7 10 11 11 6 12 4 16 5 17 7 19 4 24 5 25 0 30 0 31 0 33 0 35 0 37 0 48 0 50 0 54 0 55 0 57
Case 196
5 4 4 5 6 7 9 9 7 10 11 11 6 12 4 16 5 17 7 19 4 24 5 25 0 30 0 31 0 33 0 35 0 37 0 48 0 54 0 55 0 57 0 58
Case 197
5 4 4 5 6 7 9 9 7 10 11 11 6 12 4 16 5 17 7 19 4 24 5 25 0 30 0 31 0 33 0 35 0 37 0 48 0 54 0 55 0 57 0 66
Case 198
5 4 4 5 6 7 9 9 7 10 11 11 6 13 4 16 5 17 7 19 4 24 5 25 0 30 0 31 0 33 0 35 0 37 0 48 0 51 0 54 0 55 0 57
Case 199
5 4 4 5 6 7 9 9 7 10 11 11 6 13 4 16 5 17 7 19 4 24 5 25 0 30 0 31 0 33 0 35 0 37 0 48 0 54 0 55 0 57 0 59
Case 200
5 4 4 5 6 7 9 9 7 10 11 11 6 13 4 16 5 17 7 19 4 24 5 25 0 30 0 31 0 33 0 35 0 37 0 48 0 54 0 55 0 57 0 67
Case 201
5 4 4 5 6 7 9 9 7 10 11 11 6 14 4 16 5 17 7 19 4 24 5 25 0 30 0 31 0 33 0 35 0 37 0 48 0 52 0 54 0 55 0 57
Case 202
5 4 4 5 6 7 9 9 7 10 11 11 6 14 4 16 5 17 7 19 4 24 5 25 0 30 0 31 0 33 0 35 0 37 0 48 0 54 0 55 0 57 0 60
Case 203
5 4 4 5 6 7 9 9 7 10 11 11 6 14 4 16 5 17 7 19 4 24 5 25 0 30 0 31 0 33 0 35 0 37 0 48 0 54 0 55 0 57 0 68
Case 204
5 4 4 5 6 7 9 9 7 10 11 11 6 15 4 16 5 17 7 19 4 24 5 25 0 30 0 31 0 33 0 35 0 37 0 48 0 53 0 54 0 55 0 57
Case 205
5 4 4 5 6 7 9 9 7 10 11 11 6 15 4 16 5 17 7 19 4 24 5 25 0 30 0 31 0 33 0 35 0 37 0 48 0 54 0 55 0 57 0 61
Case 206
5 4 4 5 6 7 9 9 7 10 11 11 6 15 4 16 5 17 7 19 4 24 5 25 0 30 0 31 0 33 0 35 0 37 0 48 0 54 0 55 0 57 0 69
Case 207
5 4 4 5 6 7 9 9 7 10 11 11 4 16 5 17 6 18 7 19 4 24 5 25 0 30 0 31 0 33 0 35 0 37 0 48 0 54 0 55 0 56 0 57
Case 208
5 4 4 5 6 7 9 9 7 10 11 11 4 16 5 17 6 18 7 19 4 24 5 25 0 30 0 31 0 33 0 35 0 37 0 48 0 54 0 55 0 57 0 64
Case 209
5 4 4 5 6 7 9 9 7 10 11 11 4 16 5 17 6 18 7 19 4 24 5 25 0 30 0 31 0 33 0 35 0 37 0 48 0 54 0 55 0 57 0 72
