state 1

next 2
state 2
9 9 0 35
next 3
next 4
state 3
4 8 9 9 4 24 5 25 0 35
next 5
state 4
5 8 9 9 4 24 5 25 0 35
next 6
state 5 
4 4 9 9 4 16 4 24 5 25 0 30 0 35 0 54
next 7
state 6 
5 5 9 9 5 17 4 24 5 25 0 31 0 35 0 55
next 8
state 7
4 4 5 8 9 9 4 16 4 24 5 25 0 30 0 35 0 54
next 9
state 8
5 5 4 8 9 9 5 17 4 24 5 25 0 31 0 35 0 55 
next 9
state 9
4 4 5 5 9 9 4 16 5 17 4 24 5 25 0 30 0 31 0 35 0 54 0 55
next 10
state 10
4 4 5 5 9 9 11 11 4 16 5 17 4 24 5 25 0 30 0 31 0 35 0 37 0 54 0 55 
next 11
next 12
state 11
4 4 5 5 7 7 9 9 11 11 4 16 5 17 7 19 4 24 5 25 0 30 0 31 0 33 0 35 0 37 0 54 0 55 0 57
next 13
state 12
4 4 5 5 6 6 9 9 11 11 4 16 5 17 6 18 4 24 5 25 0 30 0 31 0 32 0 35 0 37 0 54 0 55 0 56
next 13
state 13
4 4 5 5 6 6 7 7 9 9 11 11 4 16 5 17 6 18 7 19 4 24 5 25 0 30 0 31 0 32 0 33 0 35 0 37 0 54 0 55 0 56 0 57
next 14
state 14
4 4 5 5 6 6 7 7 9 9 11 11 0 12 1 13 2 14 3 15 4 16 5 17 6 18 7 19 4 24 5 25 0 30 0 31 0 32 0 33 0 35 0 37 0 50 0 51 0 52 0 53 0 54 0 55 0 56 0 57
next 15
state 15
4 4 5 5 6 6 7 7 9 9 11 11 0 12 1 13 2 14 3 15 4 16 5 17 6 18 7 19 0 20 1 21 2 22 3 23 4 24 5 25 0 26 0 27 0 28 0 29 0 30 0 31 0 32 0 33 0 34 0 35 0 36 0 37 0 50 0 51 0 52 0 53 0 54 0 55 0 56 0 57
next 16
state 16
1 1 3 3 4 4 5 5 6 6 7 7 9 9 11 11 0 12 1 13 2 14 3 15 4 16 5 17 6 18 7 19 0 20 1 21 2 22 3 23 4 24 5 25 0 26 0 27 0 28 0 29 0 30 0 31 0 32 0 33 0 34 0 35 0 36 0 37 0 50 0 51 0 52 0 53 0 54 0 55 0 56 0 57
next 17
state 17
0 0 1 1 2 2 3 3 4 4 5 5 6 6 7 7 8 8 9 9 10 10 11 11 0 12 1 13 2 14 3 15 4 16 5 17 6 18 7 19 0 20 1 21 2 22 3 23 4 24 5 25 0 26 0 27 0 28 0 29 0 30 0 31 0 32 0 33 0 34 0 35 0 36 0 37 0 50 0 51 0 52 0 53 0 54 0 55 0 56 0 57