Case 0
5 8 9 9 5 12 4 24 5 25 0 34 0 35 0 50
Case 1
5 8 9 9 5 12 4 24 5 25 0 34 0 35 0 58
Case 2
5 8 9 9 5 12 4 24 5 25 0 34 0 35 0 66
Case 3
5 8 9 9 5 13 4 24 5 25 0 34 0 35 0 51
Case 4
5 8 9 9 5 13 4 24 5 25 0 34 0 35 0 59
Case 5
5 8 9 9 5 13 4 24 5 25 0 34 0 35 0 67
Case 6
5 8 9 9 5 14 4 24 5 25 0 34 0 35 0 52
Case 7
5 8 9 9 5 14 4 24 5 25 0 34 0 35 0 60
Case 8
5 8 9 9 5 14 4 24 5 25 0 34 0 35 0 68
Case 9
5 8 9 9 5 15 4 24 5 25 0 34 0 35 0 53
Case 10
5 8 9 9 5 15 4 24 5 25 0 34 0 35 0 61
Case 11
5 8 9 9 5 15 4 24 5 25 0 34 0 35 0 69
Case 12
5 8 9 9 5 16 4 24 5 25 0 34 0 35 0 54
Case 13
5 8 9 9 5 16 4 24 5 25 0 34 0 35 0 62
Case 14
5 8 9 9 5 16 4 24 5 25 0 34 0 35 0 70
Case 15
5 8 9 9 5 17 4 24 5 25 0 34 0 35 0 55
Case 16
5 8 9 9 5 17 4 24 5 25 0 34 0 35 0 63
Case 17
5 8 9 9 5 17 4 24 5 25 0 34 0 35 0 71
Case 18
5 8 9 9 5 18 4 24 5 25 0 34 0 35 0 56
Case 19
5 8 9 9 5 18 4 24 5 25 0 34 0 35 0 64
Case 20
5 8 9 9 5 18 4 24 5 25 0 34 0 35 0 72
Case 21
5 8 9 9 5 19 4 24 5 25 0 34 0 35 0 57
Case 22
5 8 9 9 5 19 4 24 5 25 0 34 0 35 0 65
Case 23
5 8 9 9 5 19 4 24 5 25 0 34 0 35 0 73
Case 24
5 8 9 9 5 12 4 24 5 25 0 35 0 46 0 50
Case 25
5 8 9 9 5 12 4 24 5 25 0 35 0 46 0 58
Case 26
5 8 9 9 5 12 4 24 5 25 0 35 0 46 0 66
Case 27
5 8 9 9 5 13 4 24 5 25 0 35 0 46 0 51
Case 28
5 8 9 9 5 13 4 24 5 25 0 35 0 46 0 59
Case 29
5 8 9 9 5 13 4 24 5 25 0 35 0 46 0 67
Case 30
5 8 9 9 5 14 4 24 5 25 0 35 0 46 0 52
Case 31
5 8 9 9 5 14 4 24 5 25 0 35 0 46 0 60
Case 32
5 8 9 9 5 14 4 24 5 25 0 35 0 46 0 68
Case 33
5 8 9 9 5 15 4 24 5 25 0 35 0 46 0 53
Case 34
5 8 9 9 5 15 4 24 5 25 0 35 0 46 0 61
Case 35
5 8 9 9 5 15 4 24 5 25 0 35 0 46 0 69
Case 36
5 8 9 9 5 16 4 24 5 25 0 35 0 46 0 54
Case 37
5 8 9 9 5 16 4 24 5 25 0 35 0 46 0 62
Case 38
5 8 9 9 5 16 4 24 5 25 0 35 0 46 0 70
Case 39
5 8 9 9 5 17 4 24 5 25 0 35 0 46 0 55
Case 40
5 8 9 9 5 17 4 24 5 25 0 35 0 46 0 63
Case 41
5 8 9 9 5 17 4 24 5 25 0 35 0 46 0 71
Case 42
5 8 9 9 5 18 4 24 5 25 0 35 0 46 0 56
Case 43
5 8 9 9 5 18 4 24 5 25 0 35 0 46 0 64
Case 44
5 8 9 9 5 18 4 24 5 25 0 35 0 46 0 72
Case 45
5 8 9 9 5 19 4 24 5 25 0 35 0 46 0 57
Case 46
5 8 9 9 5 19 4 24 5 25 0 35 0 46 0 65
Case 47
5 8 9 9 5 19 4 24 5 25 0 35 0 46 0 73
