Case 0
1 0 3 1 4 4 5 5 6 6 7 7 9 9 11 11 0 12 1 13 2 14 3 15 4 16 5 17 6 18 7 19 0 20 1 21 2 22 3 23 4 24 5 25 0 26 0 27 0 28 0 29 0 30 0 31 0 32 0 33 0 34 0 35 0 36 0 37 0 50 0 51 0 52 0 53 0 54 0 55 0 56 0 57 
Case 1
1 0 3 2 4 4 5 5 6 6 7 7 9 9 11 11 0 12 1 13 2 14 3 15 4 16 5 17 6 18 7 19 0 20 1 21 2 22 3 23 4 24 5 25 0 26 0 27 0 28 0 29 0 30 0 31 0 32 0 33 0 34 0 35 0 36 0 37 0 50 0 51 0 52 0 53 0 54 0 55 0 56 0 57 
Case 2
1 0 3 3 4 4 5 5 6 6 7 7 9 9 11 11 0 12 1 13 2 14 3 15 4 16 5 17 6 18 7 19 0 20 1 21 2 22 3 23 4 24 5 25 0 26 0 27 0 28 0 29 0 30 0 31 0 32 0 33 0 34 0 35 0 36 0 37 0 50 0 51 0 52 0 53 0 54 0 55 0 56 0 57 
Case 3
1 0 4 4 5 5 6 6 7 7 3 8 9 9 11 11 0 12 1 13 2 14 3 15 4 16 5 17 6 18 7 19 0 20 1 21 2 22 3 23 4 24 5 25 0 26 0 27 0 28 0 29 0 30 0 31 0 32 0 33 0 34 0 35 0 36 0 37 0 50 0 51 0 52 0 53 0 54 0 55 0 56 0 57 
Case 4
1 0 4 4 5 5 6 6 7 7 9 9 3 10 11 11 0 12 1 13 2 14 3 15 4 16 5 17 6 18 7 19 0 20 1 21 2 22 3 23 4 24 5 25 0 26 0 27 0 28 0 29 0 30 0 31 0 32 0 33 0 34 0 35 0 36 0 37 0 50 0 51 0 52 0 53 0 54 0 55 0 56 0 57 
Case 5
3 0 1 1 4 4 5 5 6 6 7 7 9 9 11 11 0 12 1 13 2 14 3 15 4 16 5 17 6 18 7 19 0 20 1 21 2 22 3 23 4 24 5 25 0 26 0 27 0 28 0 29 0 30 0 31 0 32 0 33 0 34 0 35 0 36 0 37 0 50 0 51 0 52 0 53 0 54 0 55 0 56 0 57 
Case 6
1 1 3 2 4 4 5 5 6 6 7 7 9 9 11 11 0 12 1 13 2 14 3 15 4 16 5 17 6 18 7 19 0 20 1 21 2 22 3 23 4 24 5 25 0 26 0 27 0 28 0 29 0 30 0 31 0 32 0 33 0 34 0 35 0 36 0 37 0 50 0 51 0 52 0 53 0 54 0 55 0 56 0 57 
Case 7
1 1 3 3 4 4 5 5 6 6 7 7 9 9 11 11 0 12 1 13 2 14 3 15 4 16 5 17 6 18 7 19 0 20 1 21 2 22 3 23 4 24 5 25 0 26 0 27 0 28 0 29 0 30 0 31 0 32 0 33 0 34 0 35 0 36 0 37 0 50 0 51 0 52 0 53 0 54 0 55 0 56 0 57 
Case 8
1 1 4 4 5 5 6 6 7 7 3 8 9 9 11 11 0 12 1 13 2 14 3 15 4 16 5 17 6 18 7 19 0 20 1 21 2 22 3 23 4 24 5 25 0 26 0 27 0 28 0 29 0 30 0 31 0 32 0 33 0 34 0 35 0 36 0 37 0 50 0 51 0 52 0 53 0 54 0 55 0 56 0 57 
Case 9
1 1 4 4 5 5 6 6 7 7 9 9 3 10 11 11 0 12 1 13 2 14 3 15 4 16 5 17 6 18 7 19 0 20 1 21 2 22 3 23 4 24 5 25 0 26 0 27 0 28 0 29 0 30 0 31 0 32 0 33 0 34 0 35 0 36 0 37 0 50 0 51 0 52 0 53 0 54 0 55 0 56 0 57 
Case 10
3 0 1 2 4 4 5 5 6 6 7 7 9 9 11 11 0 12 1 13 2 14 3 15 4 16 5 17 6 18 7 19 0 20 1 21 2 22 3 23 4 24 5 25 0 26 0 27 0 28 0 29 0 30 0 31 0 32 0 33 0 34 0 35 0 36 0 37 0 50 0 51 0 52 0 53 0 54 0 55 0 56 0 57 
Case 11
3 1 1 2 4 4 5 5 6 6 7 7 9 9 11 11 0 12 1 13 2 14 3 15 4 16 5 17 6 18 7 19 0 20 1 21 2 22 3 23 4 24 5 25 0 26 0 27 0 28 0 29 0 30 0 31 0 32 0 33 0 34 0 35 0 36 0 37 0 50 0 51 0 52 0 53 0 54 0 55 0 56 0 57 
Case 12
1 2 3 3 4 4 5 5 6 6 7 7 9 9 11 11 0 12 1 13 2 14 3 15 4 16 5 17 6 18 7 19 0 20 1 21 2 22 3 23 4 24 5 25 0 26 0 27 0 28 0 29 0 30 0 31 0 32 0 33 0 34 0 35 0 36 0 37 0 50 0 51 0 52 0 53 0 54 0 55 0 56 0 57 
Case 13
1 2 4 4 5 5 6 6 7 7 3 8 9 9 11 11 0 12 1 13 2 14 3 15 4 16 5 17 6 18 7 19 0 20 1 21 2 22 3 23 4 24 5 25 0 26 0 27 0 28 0 29 0 30 0 31 0 32 0 33 0 34 0 35 0 36 0 37 0 50 0 51 0 52 0 53 0 54 0 55 0 56 0 57 
Case 14
1 2 4 4 5 5 6 6 7 7 9 9 3 10 11 11 0 12 1 13 2 14 3 15 4 16 5 17 6 18 7 19 0 20 1 21 2 22 3 23 4 24 5 25 0 26 0 27 0 28 0 29 0 30 0 31 0 32 0 33 0 34 0 35 0 36 0 37 0 50 0 51 0 52 0 53 0 54 0 55 0 56 0 57 
Case 15
3 0 1 3 4 4 5 5 6 6 7 7 9 9 11 11 0 12 1 13 2 14 3 15 4 16 5 17 6 18 7 19 0 20 1 21 2 22 3 23 4 24 5 25 0 26 0 27 0 28 0 29 0 30 0 31 0 32 0 33 0 34 0 35 0 36 0 37 0 50 0 51 0 52 0 53 0 54 0 55 0 56 0 57 
Case 16
3 1 1 3 4 4 5 5 6 6 7 7 9 9 11 11 0 12 1 13 2 14 3 15 4 16 5 17 6 18 7 19 0 20 1 21 2 22 3 23 4 24 5 25 0 26 0 27 0 28 0 29 0 30 0 31 0 32 0 33 0 34 0 35 0 36 0 37 0 50 0 51 0 52 0 53 0 54 0 55 0 56 0 57 
Case 17
3 2 1 3 4 4 5 5 6 6 7 7 9 9 11 11 0 12 1 13 2 14 3 15 4 16 5 17 6 18 7 19 0 20 1 21 2 22 3 23 4 24 5 25 0 26 0 27 0 28 0 29 0 30 0 31 0 32 0 33 0 34 0 35 0 36 0 37 0 50 0 51 0 52 0 53 0 54 0 55 0 56 0 57 
Case 18
1 3 4 4 5 5 6 6 7 7 3 8 9 9 11 11 0 12 1 13 2 14 3 15 4 16 5 17 6 18 7 19 0 20 1 21 2 22 3 23 4 24 5 25 0 26 0 27 0 28 0 29 0 30 0 31 0 32 0 33 0 34 0 35 0 36 0 37 0 50 0 51 0 52 0 53 0 54 0 55 0 56 0 57 
Case 19
1 3 4 4 5 5 6 6 7 7 9 9 3 10 11 11 0 12 1 13 2 14 3 15 4 16 5 17 6 18 7 19 0 20 1 21 2 22 3 23 4 24 5 25 0 26 0 27 0 28 0 29 0 30 0 31 0 32 0 33 0 34 0 35 0 36 0 37 0 50 0 51 0 52 0 53 0 54 0 55 0 56 0 57 
Case 20
3 0 4 4 5 5 6 6 7 7 1 8 9 9 11 11 0 12 1 13 2 14 3 15 4 16 5 17 6 18 7 19 0 20 1 21 2 22 3 23 4 24 5 25 0 26 0 27 0 28 0 29 0 30 0 31 0 32 0 33 0 34 0 35 0 36 0 37 0 50 0 51 0 52 0 53 0 54 0 55 0 56 0 57 
Case 21
3 1 4 4 5 5 6 6 7 7 1 8 9 9 11 11 0 12 1 13 2 14 3 15 4 16 5 17 6 18 7 19 0 20 1 21 2 22 3 23 4 24 5 25 0 26 0 27 0 28 0 29 0 30 0 31 0 32 0 33 0 34 0 35 0 36 0 37 0 50 0 51 0 52 0 53 0 54 0 55 0 56 0 57 
Case 22
3 2 4 4 5 5 6 6 7 7 1 8 9 9 11 11 0 12 1 13 2 14 3 15 4 16 5 17 6 18 7 19 0 20 1 21 2 22 3 23 4 24 5 25 0 26 0 27 0 28 0 29 0 30 0 31 0 32 0 33 0 34 0 35 0 36 0 37 0 50 0 51 0 52 0 53 0 54 0 55 0 56 0 57 
Case 23
3 3 4 4 5 5 6 6 7 7 1 8 9 9 11 11 0 12 1 13 2 14 3 15 4 16 5 17 6 18 7 19 0 20 1 21 2 22 3 23 4 24 5 25 0 26 0 27 0 28 0 29 0 30 0 31 0 32 0 33 0 34 0 35 0 36 0 37 0 50 0 51 0 52 0 53 0 54 0 55 0 56 0 57 
Case 24
4 4 5 5 6 6 7 7 1 8 9 9 3 10 11 11 0 12 1 13 2 14 3 15 4 16 5 17 6 18 7 19 0 20 1 21 2 22 3 23 4 24 5 25 0 26 0 27 0 28 0 29 0 30 0 31 0 32 0 33 0 34 0 35 0 36 0 37 0 50 0 51 0 52 0 53 0 54 0 55 0 56 0 57 
Case 25
3 0 4 4 5 5 6 6 7 7 9 9 1 10 11 11 0 12 1 13 2 14 3 15 4 16 5 17 6 18 7 19 0 20 1 21 2 22 3 23 4 24 5 25 0 26 0 27 0 28 0 29 0 30 0 31 0 32 0 33 0 34 0 35 0 36 0 37 0 50 0 51 0 52 0 53 0 54 0 55 0 56 0 57 
Case 26
3 1 4 4 5 5 6 6 7 7 9 9 1 10 11 11 0 12 1 13 2 14 3 15 4 16 5 17 6 18 7 19 0 20 1 21 2 22 3 23 4 24 5 25 0 26 0 27 0 28 0 29 0 30 0 31 0 32 0 33 0 34 0 35 0 36 0 37 0 50 0 51 0 52 0 53 0 54 0 55 0 56 0 57 
Case 27
3 2 4 4 5 5 6 6 7 7 9 9 1 10 11 11 0 12 1 13 2 14 3 15 4 16 5 17 6 18 7 19 0 20 1 21 2 22 3 23 4 24 5 25 0 26 0 27 0 28 0 29 0 30 0 31 0 32 0 33 0 34 0 35 0 36 0 37 0 50 0 51 0 52 0 53 0 54 0 55 0 56 0 57 
Case 28
3 3 4 4 5 5 6 6 7 7 9 9 1 10 11 11 0 12 1 13 2 14 3 15 4 16 5 17 6 18 7 19 0 20 1 21 2 22 3 23 4 24 5 25 0 26 0 27 0 28 0 29 0 30 0 31 0 32 0 33 0 34 0 35 0 36 0 37 0 50 0 51 0 52 0 53 0 54 0 55 0 56 0 57 
Case 29
4 4 5 5 6 6 7 7 3 8 9 9 1 10 11 11 0 12 1 13 2 14 3 15 4 16 5 17 6 18 7 19 0 20 1 21 2 22 3 23 4 24 5 25 0 26 0 27 0 28 0 29 0 30 0 31 0 32 0 33 0 34 0 35 0 36 0 37 0 50 0 51 0 52 0 53 0 54 0 55 0 56 0 57 
