Case 0
4 0 9 9 4 20 5 21 0 35 
Case 1
4 0 9 9 5 20 4 21 0 35 
Case 2
4 0 9 9 4 22 5 23 0 35 
Case 3
4 0 9 9 5 22 4 23 0 35 
Case 4
4 0 9 9 4 24 5 25 0 35 
Case 5
4 0 9 9 5 24 4 25 0 35 
Case 6
4 1 9 9 4 20 5 21 0 35 
Case 7
4 1 9 9 5 20 4 21 0 35 
Case 8
4 1 9 9 4 22 5 23 0 35 
Case 9
4 1 9 9 5 22 4 23 0 35 
Case 10
4 1 9 9 4 24 5 25 0 35 
Case 11
4 1 9 9 5 24 4 25 0 35 
Case 12
4 2 9 9 4 20 5 21 0 35 
Case 13
4 2 9 9 5 20 4 21 0 35 
Case 14
4 2 9 9 4 22 5 23 0 35 
Case 15
4 2 9 9 5 22 4 23 0 35 
Case 16
4 2 9 9 4 24 5 25 0 35 
Case 17
4 2 9 9 5 24 4 25 0 35 
Case 18
4 3 9 9 4 20 5 21 0 35 
Case 19
4 3 9 9 5 20 4 21 0 35 
Case 20
4 3 9 9 4 22 5 23 0 35 
Case 21
4 3 9 9 5 22 4 23 0 35 
Case 22
4 3 9 9 4 24 5 25 0 35 
Case 23
4 3 9 9 5 24 4 25 0 35 
Case 24
4 4 9 9 4 20 5 21 0 35 
Case 25
4 4 9 9 5 20 4 21 0 35 
Case 26
4 4 9 9 4 22 5 23 0 35 
Case 27
4 4 9 9 5 22 4 23 0 35 
Case 28
4 4 9 9 4 24 5 25 0 35 
Case 29
4 4 9 9 5 24 4 25 0 35 
Case 30
4 5 9 9 4 20 5 21 0 35 
Case 31
4 5 9 9 5 20 4 21 0 35 
Case 32
4 5 9 9 4 22 5 23 0 35 
Case 33
4 5 9 9 5 22 4 23 0 35 
Case 34
4 5 9 9 4 24 5 25 0 35 
Case 35
4 5 9 9 5 24 4 25 0 35 
Case 36
4 6 9 9 4 20 5 21 0 35 
Case 37
4 6 9 9 5 20 4 21 0 35 
Case 38
4 6 9 9 4 22 5 23 0 35 
Case 39
4 6 9 9 5 22 4 23 0 35 
Case 40
4 6 9 9 4 24 5 25 0 35 
Case 41
4 6 9 9 5 24 4 25 0 35 
Case 42
4 7 9 9 4 20 5 21 0 35 
Case 43
4 7 9 9 5 20 4 21 0 35 
Case 44
4 7 9 9 4 22 5 23 0 35 
Case 45
4 7 9 9 5 22 4 23 0 35 
Case 46
4 7 9 9 4 24 5 25 0 35 
Case 47
4 7 9 9 5 24 4 25 0 35 
Case 48
4 8 9 9 4 20 5 21 0 35 
Case 49
4 8 9 9 5 20 4 21 0 35 
Case 50
4 8 9 9 4 22 5 23 0 35 
Case 51
4 8 9 9 5 22 4 23 0 35 
Case 52
4 8 9 9 4 24 5 25 0 35 
Case 53
4 8 9 9 5 24 4 25 0 35 
Case 54
9 9 4 10 4 20 5 21 0 35 
Case 55
9 9 4 10 5 20 4 21 0 35 
Case 56
9 9 4 10 4 22 5 23 0 35 
Case 57
9 9 4 10 5 22 4 23 0 35 
Case 58
9 9 4 10 4 24 5 25 0 35 
Case 59
9 9 4 10 5 24 4 25 0 35 
Case 60
9 9 4 11 4 20 5 21 0 35 
Case 61
9 9 4 11 5 20 4 21 0 35 
Case 62
9 9 4 11 4 22 5 23 0 35 
Case 63
9 9 4 11 5 22 4 23 0 35 
Case 64
9 9 4 11 4 24 5 25 0 35 
Case 65
9 9 4 11 5 24 4 25 0 35 
