Case 0
4 0 5 5 9 9 5 17 4 24 5 25 0 31 0 35 0 55 
Case 1
4 1 5 5 9 9 5 17 4 24 5 25 0 31 0 35 0 55 
Case 2
4 2 5 5 9 9 5 17 4 24 5 25 0 31 0 35 0 55 
Case 3
4 3 5 5 9 9 5 17 4 24 5 25 0 31 0 35 0 55 
Case 4
4 4 5 5 9 9 5 17 4 24 5 25 0 31 0 35 0 55 
Case 5
5 5 4 6 9 9 5 17 4 24 5 25 0 31 0 35 0 55 
Case 6
5 5 4 7 9 9 5 17 4 24 5 25 0 31 0 35 0 55 
Case 7
5 5 4 8 9 9 5 17 4 24 5 25 0 31 0 35 0 55 
Case 8
5 5 9 9 4 10 5 17 4 24 5 25 0 31 0 35 0 55 
Case 9
5 5 9 9 4 11 5 17 4 24 5 25 0 31 0 35 0 55 
