Case 0
6 0 4 4 5 5 9 9 11 11 6 12 4 16 5 17 4 24 5 25 0 26 0 30 0 31 0 35 0 37 0 50 0 54 0 55 
Case 1
6 0 4 4 5 5 9 9 11 11 6 12 4 16 5 17 4 24 5 25 0 26 0 30 0 31 0 35 0 37 0 54 0 55 0 58 
Case 2
6 0 4 4 5 5 9 9 11 11 6 12 4 16 5 17 4 24 5 25 0 26 0 30 0 31 0 35 0 37 0 54 0 55 0 66 
Case 3
6 0 4 4 5 5 9 9 11 11 6 13 4 16 5 17 4 24 5 25 0 26 0 30 0 31 0 35 0 37 0 51 0 54 0 55 
Case 4
6 0 4 4 5 5 9 9 11 11 6 13 4 16 5 17 4 24 5 25 0 26 0 30 0 31 0 35 0 37 0 54 0 55 0 59 
Case 5
6 0 4 4 5 5 9 9 11 11 6 13 4 16 5 17 4 24 5 25 0 26 0 30 0 31 0 35 0 37 0 54 0 55 0 67 
Case 6
6 0 4 4 5 5 9 9 11 11 6 14 4 16 5 17 4 24 5 25 0 26 0 30 0 31 0 35 0 37 0 52 0 54 0 55 
Case 7
6 0 4 4 5 5 9 9 11 11 6 14 4 16 5 17 4 24 5 25 0 26 0 30 0 31 0 35 0 37 0 54 0 55 0 60 
Case 8
6 0 4 4 5 5 9 9 11 11 6 14 4 16 5 17 4 24 5 25 0 26 0 30 0 31 0 35 0 37 0 54 0 55 0 68 
Case 9
6 0 4 4 5 5 9 9 11 11 6 15 4 16 5 17 4 24 5 25 0 26 0 30 0 31 0 35 0 37 0 53 0 54 0 55 
Case 10
6 0 4 4 5 5 9 9 11 11 6 15 4 16 5 17 4 24 5 25 0 26 0 30 0 31 0 35 0 37 0 54 0 55 0 61 
Case 11
6 0 4 4 5 5 9 9 11 11 6 15 4 16 5 17 4 24 5 25 0 26 0 30 0 31 0 35 0 37 0 54 0 55 0 69 
Case 12
6 0 4 4 5 5 9 9 11 11 4 16 5 17 6 18 4 24 5 25 0 26 0 30 0 31 0 35 0 37 0 54 0 55 0 56 
Case 13
6 0 4 4 5 5 9 9 11 11 4 16 5 17 6 18 4 24 5 25 0 26 0 30 0 31 0 35 0 37 0 54 0 55 0 64 
Case 14
6 0 4 4 5 5 9 9 11 11 4 16 5 17 6 18 4 24 5 25 0 26 0 30 0 31 0 35 0 37 0 54 0 55 0 72 
Case 15
6 0 4 4 5 5 9 9 11 11 4 16 5 17 6 19 4 24 5 25 0 26 0 30 0 31 0 35 0 37 0 54 0 55 0 57 
Case 16
6 0 4 4 5 5 9 9 11 11 4 16 5 17 6 19 4 24 5 25 0 26 0 30 0 31 0 35 0 37 0 54 0 55 0 65 
Case 17
6 0 4 4 5 5 9 9 11 11 4 16 5 17 6 19 4 24 5 25 0 26 0 30 0 31 0 35 0 37 0 54 0 55 0 73 
Case 18
6 0 4 4 5 5 9 9 11 11 6 12 4 16 5 17 4 24 5 25 0 30 0 31 0 35 0 37 0 38 0 50 0 54 0 55 
Case 19
6 0 4 4 5 5 9 9 11 11 6 12 4 16 5 17 4 24 5 25 0 30 0 31 0 35 0 37 0 38 0 54 0 55 0 58 
Case 20
6 0 4 4 5 5 9 9 11 11 6 12 4 16 5 17 4 24 5 25 0 30 0 31 0 35 0 37 0 38 0 54 0 55 0 66 
Case 21
6 0 4 4 5 5 9 9 11 11 6 13 4 16 5 17 4 24 5 25 0 30 0 31 0 35 0 37 0 38 0 51 0 54 0 55 
Case 22
6 0 4 4 5 5 9 9 11 11 6 13 4 16 5 17 4 24 5 25 0 30 0 31 0 35 0 37 0 38 0 54 0 55 0 59 
Case 23
6 0 4 4 5 5 9 9 11 11 6 13 4 16 5 17 4 24 5 25 0 30 0 31 0 35 0 37 0 38 0 54 0 55 0 67 
Case 24
6 0 4 4 5 5 9 9 11 11 6 14 4 16 5 17 4 24 5 25 0 30 0 31 0 35 0 37 0 38 0 52 0 54 0 55 
Case 25
6 0 4 4 5 5 9 9 11 11 6 14 4 16 5 17 4 24 5 25 0 30 0 31 0 35 0 37 0 38 0 54 0 55 0 60 
Case 26
6 0 4 4 5 5 9 9 11 11 6 14 4 16 5 17 4 24 5 25 0 30 0 31 0 35 0 37 0 38 0 54 0 55 0 68 
Case 27
6 0 4 4 5 5 9 9 11 11 6 15 4 16 5 17 4 24 5 25 0 30 0 31 0 35 0 37 0 38 0 53 0 54 0 55 
Case 28
6 0 4 4 5 5 9 9 11 11 6 15 4 16 5 17 4 24 5 25 0 30 0 31 0 35 0 37 0 38 0 54 0 55 0 61 
Case 29
6 0 4 4 5 5 9 9 11 11 6 15 4 16 5 17 4 24 5 25 0 30 0 31 0 35 0 37 0 38 0 54 0 55 0 69 
Case 30
6 0 4 4 5 5 9 9 11 11 4 16 5 17 6 18 4 24 5 25 0 30 0 31 0 35 0 37 0 38 0 54 0 55 0 56 
Case 31
6 0 4 4 5 5 9 9 11 11 4 16 5 17 6 18 4 24 5 25 0 30 0 31 0 35 0 37 0 38 0 54 0 55 0 64 
Case 32
6 0 4 4 5 5 9 9 11 11 4 16 5 17 6 18 4 24 5 25 0 30 0 31 0 35 0 37 0 38 0 54 0 55 0 72 
Case 33
6 0 4 4 5 5 9 9 11 11 4 16 5 17 6 19 4 24 5 25 0 30 0 31 0 35 0 37 0 38 0 54 0 55 0 57 
Case 34
6 0 4 4 5 5 9 9 11 11 4 16 5 17 6 19 4 24 5 25 0 30 0 31 0 35 0 37 0 38 0 54 0 55 0 65 
Case 35
6 0 4 4 5 5 9 9 11 11 4 16 5 17 6 19 4 24 5 25 0 30 0 31 0 35 0 37 0 38 0 54 0 55 0 73 
Case 36
6 1 4 4 5 5 9 9 11 11 6 12 4 16 5 17 4 24 5 25 0 27 0 30 0 31 0 35 0 37 0 50 0 54 0 55 
Case 37
6 1 4 4 5 5 9 9 11 11 6 12 4 16 5 17 4 24 5 25 0 27 0 30 0 31 0 35 0 37 0 54 0 55 0 58 
Case 38
6 1 4 4 5 5 9 9 11 11 6 12 4 16 5 17 4 24 5 25 0 27 0 30 0 31 0 35 0 37 0 54 0 55 0 66 
Case 39
6 1 4 4 5 5 9 9 11 11 6 13 4 16 5 17 4 24 5 25 0 27 0 30 0 31 0 35 0 37 0 51 0 54 0 55 
Case 40
6 1 4 4 5 5 9 9 11 11 6 13 4 16 5 17 4 24 5 25 0 27 0 30 0 31 0 35 0 37 0 54 0 55 0 59 
Case 41
6 1 4 4 5 5 9 9 11 11 6 13 4 16 5 17 4 24 5 25 0 27 0 30 0 31 0 35 0 37 0 54 0 55 0 67 
Case 42
6 1 4 4 5 5 9 9 11 11 6 14 4 16 5 17 4 24 5 25 0 27 0 30 0 31 0 35 0 37 0 52 0 54 0 55 
Case 43
6 1 4 4 5 5 9 9 11 11 6 14 4 16 5 17 4 24 5 25 0 27 0 30 0 31 0 35 0 37 0 54 0 55 0 60 
Case 44
6 1 4 4 5 5 9 9 11 11 6 14 4 16 5 17 4 24 5 25 0 27 0 30 0 31 0 35 0 37 0 54 0 55 0 68 
Case 45
6 1 4 4 5 5 9 9 11 11 6 15 4 16 5 17 4 24 5 25 0 27 0 30 0 31 0 35 0 37 0 53 0 54 0 55 
Case 46
6 1 4 4 5 5 9 9 11 11 6 15 4 16 5 17 4 24 5 25 0 27 0 30 0 31 0 35 0 37 0 54 0 55 0 61 
Case 47
6 1 4 4 5 5 9 9 11 11 6 15 4 16 5 17 4 24 5 25 0 27 0 30 0 31 0 35 0 37 0 54 0 55 0 69 
Case 48
6 1 4 4 5 5 9 9 11 11 4 16 5 17 6 18 4 24 5 25 0 27 0 30 0 31 0 35 0 37 0 54 0 55 0 56 
Case 49
6 1 4 4 5 5 9 9 11 11 4 16 5 17 6 18 4 24 5 25 0 27 0 30 0 31 0 35 0 37 0 54 0 55 0 64 
Case 50
6 1 4 4 5 5 9 9 11 11 4 16 5 17 6 18 4 24 5 25 0 27 0 30 0 31 0 35 0 37 0 54 0 55 0 72 
Case 51
6 1 4 4 5 5 9 9 11 11 4 16 5 17 6 19 4 24 5 25 0 27 0 30 0 31 0 35 0 37 0 54 0 55 0 57 
Case 52
6 1 4 4 5 5 9 9 11 11 4 16 5 17 6 19 4 24 5 25 0 27 0 30 0 31 0 35 0 37 0 54 0 55 0 65 
Case 53
6 1 4 4 5 5 9 9 11 11 4 16 5 17 6 19 4 24 5 25 0 27 0 30 0 31 0 35 0 37 0 54 0 55 0 73 
Case 54
6 1 4 4 5 5 9 9 11 11 6 12 4 16 5 17 4 24 5 25 0 30 0 31 0 35 0 37 0 39 0 50 0 54 0 55 
Case 55
6 1 4 4 5 5 9 9 11 11 6 12 4 16 5 17 4 24 5 25 0 30 0 31 0 35 0 37 0 39 0 54 0 55 0 58 
Case 56
6 1 4 4 5 5 9 9 11 11 6 12 4 16 5 17 4 24 5 25 0 30 0 31 0 35 0 37 0 39 0 54 0 55 0 66 
Case 57
6 1 4 4 5 5 9 9 11 11 6 13 4 16 5 17 4 24 5 25 0 30 0 31 0 35 0 37 0 39 0 51 0 54 0 55 
Case 58
6 1 4 4 5 5 9 9 11 11 6 13 4 16 5 17 4 24 5 25 0 30 0 31 0 35 0 37 0 39 0 54 0 55 0 59 
Case 59
6 1 4 4 5 5 9 9 11 11 6 13 4 16 5 17 4 24 5 25 0 30 0 31 0 35 0 37 0 39 0 54 0 55 0 67 
Case 60
6 1 4 4 5 5 9 9 11 11 6 14 4 16 5 17 4 24 5 25 0 30 0 31 0 35 0 37 0 39 0 52 0 54 0 55 
Case 61
6 1 4 4 5 5 9 9 11 11 6 14 4 16 5 17 4 24 5 25 0 30 0 31 0 35 0 37 0 39 0 54 0 55 0 60 
Case 62
6 1 4 4 5 5 9 9 11 11 6 14 4 16 5 17 4 24 5 25 0 30 0 31 0 35 0 37 0 39 0 54 0 55 0 68 
Case 63
6 1 4 4 5 5 9 9 11 11 6 15 4 16 5 17 4 24 5 25 0 30 0 31 0 35 0 37 0 39 0 53 0 54 0 55 
Case 64
6 1 4 4 5 5 9 9 11 11 6 15 4 16 5 17 4 24 5 25 0 30 0 31 0 35 0 37 0 39 0 54 0 55 0 61 
Case 65
6 1 4 4 5 5 9 9 11 11 6 15 4 16 5 17 4 24 5 25 0 30 0 31 0 35 0 37 0 39 0 54 0 55 0 69 
Case 66
6 1 4 4 5 5 9 9 11 11 4 16 5 17 6 18 4 24 5 25 0 30 0 31 0 35 0 37 0 39 0 54 0 55 0 56 
Case 67
6 1 4 4 5 5 9 9 11 11 4 16 5 17 6 18 4 24 5 25 0 30 0 31 0 35 0 37 0 39 0 54 0 55 0 64 
Case 68
6 1 4 4 5 5 9 9 11 11 4 16 5 17 6 18 4 24 5 25 0 30 0 31 0 35 0 37 0 39 0 54 0 55 0 72 
Case 69
6 1 4 4 5 5 9 9 11 11 4 16 5 17 6 19 4 24 5 25 0 30 0 31 0 35 0 37 0 39 0 54 0 55 0 57 
Case 70
6 1 4 4 5 5 9 9 11 11 4 16 5 17 6 19 4 24 5 25 0 30 0 31 0 35 0 37 0 39 0 54 0 55 0 65 
Case 71
6 1 4 4 5 5 9 9 11 11 4 16 5 17 6 19 4 24 5 25 0 30 0 31 0 35 0 37 0 39 0 54 0 55 0 73 
Case 72
6 2 4 4 5 5 9 9 11 11 6 12 4 16 5 17 4 24 5 25 0 28 0 30 0 31 0 35 0 37 0 50 0 54 0 55 
Case 73
6 2 4 4 5 5 9 9 11 11 6 12 4 16 5 17 4 24 5 25 0 28 0 30 0 31 0 35 0 37 0 54 0 55 0 58 
Case 74
6 2 4 4 5 5 9 9 11 11 6 12 4 16 5 17 4 24 5 25 0 28 0 30 0 31 0 35 0 37 0 54 0 55 0 66 
Case 75
6 2 4 4 5 5 9 9 11 11 6 13 4 16 5 17 4 24 5 25 0 28 0 30 0 31 0 35 0 37 0 51 0 54 0 55 
Case 76
6 2 4 4 5 5 9 9 11 11 6 13 4 16 5 17 4 24 5 25 0 28 0 30 0 31 0 35 0 37 0 54 0 55 0 59 
Case 77
6 2 4 4 5 5 9 9 11 11 6 13 4 16 5 17 4 24 5 25 0 28 0 30 0 31 0 35 0 37 0 54 0 55 0 67 
Case 78
6 2 4 4 5 5 9 9 11 11 6 14 4 16 5 17 4 24 5 25 0 28 0 30 0 31 0 35 0 37 0 52 0 54 0 55 
Case 79
6 2 4 4 5 5 9 9 11 11 6 14 4 16 5 17 4 24 5 25 0 28 0 30 0 31 0 35 0 37 0 54 0 55 0 60 
Case 80
6 2 4 4 5 5 9 9 11 11 6 14 4 16 5 17 4 24 5 25 0 28 0 30 0 31 0 35 0 37 0 54 0 55 0 68 
Case 81
6 2 4 4 5 5 9 9 11 11 6 15 4 16 5 17 4 24 5 25 0 28 0 30 0 31 0 35 0 37 0 53 0 54 0 55 
Case 82
6 2 4 4 5 5 9 9 11 11 6 15 4 16 5 17 4 24 5 25 0 28 0 30 0 31 0 35 0 37 0 54 0 55 0 61 
Case 83
6 2 4 4 5 5 9 9 11 11 6 15 4 16 5 17 4 24 5 25 0 28 0 30 0 31 0 35 0 37 0 54 0 55 0 69 
Case 84
6 2 4 4 5 5 9 9 11 11 4 16 5 17 6 18 4 24 5 25 0 28 0 30 0 31 0 35 0 37 0 54 0 55 0 56 
Case 85
6 2 4 4 5 5 9 9 11 11 4 16 5 17 6 18 4 24 5 25 0 28 0 30 0 31 0 35 0 37 0 54 0 55 0 64 
Case 86
6 2 4 4 5 5 9 9 11 11 4 16 5 17 6 18 4 24 5 25 0 28 0 30 0 31 0 35 0 37 0 54 0 55 0 72 
Case 87
6 2 4 4 5 5 9 9 11 11 4 16 5 17 6 19 4 24 5 25 0 28 0 30 0 31 0 35 0 37 0 54 0 55 0 57 
Case 88
6 2 4 4 5 5 9 9 11 11 4 16 5 17 6 19 4 24 5 25 0 28 0 30 0 31 0 35 0 37 0 54 0 55 0 65 
Case 89
6 2 4 4 5 5 9 9 11 11 4 16 5 17 6 19 4 24 5 25 0 28 0 30 0 31 0 35 0 37 0 54 0 55 0 73 
Case 90
6 2 4 4 5 5 9 9 11 11 6 12 4 16 5 17 4 24 5 25 0 30 0 31 0 35 0 37 0 40 0 50 0 54 0 55 
Case 91
6 2 4 4 5 5 9 9 11 11 6 12 4 16 5 17 4 24 5 25 0 30 0 31 0 35 0 37 0 40 0 54 0 55 0 58 
Case 92
6 2 4 4 5 5 9 9 11 11 6 12 4 16 5 17 4 24 5 25 0 30 0 31 0 35 0 37 0 40 0 54 0 55 0 66 
Case 93
6 2 4 4 5 5 9 9 11 11 6 13 4 16 5 17 4 24 5 25 0 30 0 31 0 35 0 37 0 40 0 51 0 54 0 55 
Case 94
6 2 4 4 5 5 9 9 11 11 6 13 4 16 5 17 4 24 5 25 0 30 0 31 0 35 0 37 0 40 0 54 0 55 0 59 
Case 95
6 2 4 4 5 5 9 9 11 11 6 13 4 16 5 17 4 24 5 25 0 30 0 31 0 35 0 37 0 40 0 54 0 55 0 67 
Case 96
6 2 4 4 5 5 9 9 11 11 6 14 4 16 5 17 4 24 5 25 0 30 0 31 0 35 0 37 0 40 0 52 0 54 0 55 
Case 97
6 2 4 4 5 5 9 9 11 11 6 14 4 16 5 17 4 24 5 25 0 30 0 31 0 35 0 37 0 40 0 54 0 55 0 60 
Case 98
6 2 4 4 5 5 9 9 11 11 6 14 4 16 5 17 4 24 5 25 0 30 0 31 0 35 0 37 0 40 0 54 0 55 0 68 
Case 99
6 2 4 4 5 5 9 9 11 11 6 15 4 16 5 17 4 24 5 25 0 30 0 31 0 35 0 37 0 40 0 53 0 54 0 55 
Case 100
6 2 4 4 5 5 9 9 11 11 6 15 4 16 5 17 4 24 5 25 0 30 0 31 0 35 0 37 0 40 0 54 0 55 0 61 
Case 101
6 2 4 4 5 5 9 9 11 11 6 15 4 16 5 17 4 24 5 25 0 30 0 31 0 35 0 37 0 40 0 54 0 55 0 69 
Case 102
6 2 4 4 5 5 9 9 11 11 4 16 5 17 6 18 4 24 5 25 0 30 0 31 0 35 0 37 0 40 0 54 0 55 0 56 
Case 103
6 2 4 4 5 5 9 9 11 11 4 16 5 17 6 18 4 24 5 25 0 30 0 31 0 35 0 37 0 40 0 54 0 55 0 64 
Case 104
6 2 4 4 5 5 9 9 11 11 4 16 5 17 6 18 4 24 5 25 0 30 0 31 0 35 0 37 0 40 0 54 0 55 0 72 
Case 105
6 2 4 4 5 5 9 9 11 11 4 16 5 17 6 19 4 24 5 25 0 30 0 31 0 35 0 37 0 40 0 54 0 55 0 57 
Case 106
6 2 4 4 5 5 9 9 11 11 4 16 5 17 6 19 4 24 5 25 0 30 0 31 0 35 0 37 0 40 0 54 0 55 0 65 
Case 107
6 2 4 4 5 5 9 9 11 11 4 16 5 17 6 19 4 24 5 25 0 30 0 31 0 35 0 37 0 40 0 54 0 55 0 73 
Case 108
6 3 4 4 5 5 9 9 11 11 6 12 4 16 5 17 4 24 5 25 0 29 0 30 0 31 0 35 0 37 0 50 0 54 0 55 
Case 109
6 3 4 4 5 5 9 9 11 11 6 12 4 16 5 17 4 24 5 25 0 29 0 30 0 31 0 35 0 37 0 54 0 55 0 58 
Case 110
6 3 4 4 5 5 9 9 11 11 6 12 4 16 5 17 4 24 5 25 0 29 0 30 0 31 0 35 0 37 0 54 0 55 0 66 
Case 111
6 3 4 4 5 5 9 9 11 11 6 13 4 16 5 17 4 24 5 25 0 29 0 30 0 31 0 35 0 37 0 51 0 54 0 55 
Case 112
6 3 4 4 5 5 9 9 11 11 6 13 4 16 5 17 4 24 5 25 0 29 0 30 0 31 0 35 0 37 0 54 0 55 0 59 
Case 113
6 3 4 4 5 5 9 9 11 11 6 13 4 16 5 17 4 24 5 25 0 29 0 30 0 31 0 35 0 37 0 54 0 55 0 67 
Case 114
6 3 4 4 5 5 9 9 11 11 6 14 4 16 5 17 4 24 5 25 0 29 0 30 0 31 0 35 0 37 0 52 0 54 0 55 
Case 115
6 3 4 4 5 5 9 9 11 11 6 14 4 16 5 17 4 24 5 25 0 29 0 30 0 31 0 35 0 37 0 54 0 55 0 60 
Case 116
6 3 4 4 5 5 9 9 11 11 6 14 4 16 5 17 4 24 5 25 0 29 0 30 0 31 0 35 0 37 0 54 0 55 0 68 
Case 117
6 3 4 4 5 5 9 9 11 11 6 15 4 16 5 17 4 24 5 25 0 29 0 30 0 31 0 35 0 37 0 53 0 54 0 55 
Case 118
6 3 4 4 5 5 9 9 11 11 6 15 4 16 5 17 4 24 5 25 0 29 0 30 0 31 0 35 0 37 0 54 0 55 0 61 
Case 119
6 3 4 4 5 5 9 9 11 11 6 15 4 16 5 17 4 24 5 25 0 29 0 30 0 31 0 35 0 37 0 54 0 55 0 69 
Case 120
6 3 4 4 5 5 9 9 11 11 4 16 5 17 6 18 4 24 5 25 0 29 0 30 0 31 0 35 0 37 0 54 0 55 0 56 
Case 121
6 3 4 4 5 5 9 9 11 11 4 16 5 17 6 18 4 24 5 25 0 29 0 30 0 31 0 35 0 37 0 54 0 55 0 64 
Case 122
6 3 4 4 5 5 9 9 11 11 4 16 5 17 6 18 4 24 5 25 0 29 0 30 0 31 0 35 0 37 0 54 0 55 0 72 
Case 123
6 3 4 4 5 5 9 9 11 11 4 16 5 17 6 19 4 24 5 25 0 29 0 30 0 31 0 35 0 37 0 54 0 55 0 57 
Case 124
6 3 4 4 5 5 9 9 11 11 4 16 5 17 6 19 4 24 5 25 0 29 0 30 0 31 0 35 0 37 0 54 0 55 0 65 
Case 125
6 3 4 4 5 5 9 9 11 11 4 16 5 17 6 19 4 24 5 25 0 29 0 30 0 31 0 35 0 37 0 54 0 55 0 73 
Case 126
6 3 4 4 5 5 9 9 11 11 6 12 4 16 5 17 4 24 5 25 0 30 0 31 0 35 0 37 0 41 0 50 0 54 0 55 
Case 127
6 3 4 4 5 5 9 9 11 11 6 12 4 16 5 17 4 24 5 25 0 30 0 31 0 35 0 37 0 41 0 54 0 55 0 58 
Case 128
6 3 4 4 5 5 9 9 11 11 6 12 4 16 5 17 4 24 5 25 0 30 0 31 0 35 0 37 0 41 0 54 0 55 0 66 
Case 129
6 3 4 4 5 5 9 9 11 11 6 13 4 16 5 17 4 24 5 25 0 30 0 31 0 35 0 37 0 41 0 51 0 54 0 55 
Case 130
6 3 4 4 5 5 9 9 11 11 6 13 4 16 5 17 4 24 5 25 0 30 0 31 0 35 0 37 0 41 0 54 0 55 0 59 
Case 131
6 3 4 4 5 5 9 9 11 11 6 13 4 16 5 17 4 24 5 25 0 30 0 31 0 35 0 37 0 41 0 54 0 55 0 67 
Case 132
6 3 4 4 5 5 9 9 11 11 6 14 4 16 5 17 4 24 5 25 0 30 0 31 0 35 0 37 0 41 0 52 0 54 0 55 
Case 133
6 3 4 4 5 5 9 9 11 11 6 14 4 16 5 17 4 24 5 25 0 30 0 31 0 35 0 37 0 41 0 54 0 55 0 60 
Case 134
6 3 4 4 5 5 9 9 11 11 6 14 4 16 5 17 4 24 5 25 0 30 0 31 0 35 0 37 0 41 0 54 0 55 0 68 
Case 135
6 3 4 4 5 5 9 9 11 11 6 15 4 16 5 17 4 24 5 25 0 30 0 31 0 35 0 37 0 41 0 53 0 54 0 55 
Case 136
6 3 4 4 5 5 9 9 11 11 6 15 4 16 5 17 4 24 5 25 0 30 0 31 0 35 0 37 0 41 0 54 0 55 0 61 
Case 137
6 3 4 4 5 5 9 9 11 11 6 15 4 16 5 17 4 24 5 25 0 30 0 31 0 35 0 37 0 41 0 54 0 55 0 69 
Case 138
6 3 4 4 5 5 9 9 11 11 4 16 5 17 6 18 4 24 5 25 0 30 0 31 0 35 0 37 0 41 0 54 0 55 0 56 
Case 139
6 3 4 4 5 5 9 9 11 11 4 16 5 17 6 18 4 24 5 25 0 30 0 31 0 35 0 37 0 41 0 54 0 55 0 64 
Case 140
6 3 4 4 5 5 9 9 11 11 4 16 5 17 6 18 4 24 5 25 0 30 0 31 0 35 0 37 0 41 0 54 0 55 0 72 
Case 141
6 3 4 4 5 5 9 9 11 11 4 16 5 17 6 19 4 24 5 25 0 30 0 31 0 35 0 37 0 41 0 54 0 55 0 57 
Case 142
6 3 4 4 5 5 9 9 11 11 4 16 5 17 6 19 4 24 5 25 0 30 0 31 0 35 0 37 0 41 0 54 0 55 0 65 
Case 143
6 3 4 4 5 5 9 9 11 11 4 16 5 17 6 19 4 24 5 25 0 30 0 31 0 35 0 37 0 41 0 54 0 55 0 73 
Case 144
4 4 5 5 6 6 9 9 11 11 6 12 4 16 5 17 4 24 5 25 0 30 0 31 0 32 0 35 0 37 0 50 0 54 0 55 
Case 145
4 4 5 5 6 6 9 9 11 11 6 12 4 16 5 17 4 24 5 25 0 30 0 31 0 32 0 35 0 37 0 54 0 55 0 58 
Case 146
4 4 5 5 6 6 9 9 11 11 6 12 4 16 5 17 4 24 5 25 0 30 0 31 0 32 0 35 0 37 0 54 0 55 0 66 
Case 147
4 4 5 5 6 6 9 9 11 11 6 13 4 16 5 17 4 24 5 25 0 30 0 31 0 32 0 35 0 37 0 51 0 54 0 55 
Case 148
4 4 5 5 6 6 9 9 11 11 6 13 4 16 5 17 4 24 5 25 0 30 0 31 0 32 0 35 0 37 0 54 0 55 0 59 
Case 149
4 4 5 5 6 6 9 9 11 11 6 13 4 16 5 17 4 24 5 25 0 30 0 31 0 32 0 35 0 37 0 54 0 55 0 67 
Case 150
4 4 5 5 6 6 9 9 11 11 6 14 4 16 5 17 4 24 5 25 0 30 0 31 0 32 0 35 0 37 0 52 0 54 0 55 
Case 151
4 4 5 5 6 6 9 9 11 11 6 14 4 16 5 17 4 24 5 25 0 30 0 31 0 32 0 35 0 37 0 54 0 55 0 60 
Case 152
4 4 5 5 6 6 9 9 11 11 6 14 4 16 5 17 4 24 5 25 0 30 0 31 0 32 0 35 0 37 0 54 0 55 0 68 
Case 153
4 4 5 5 6 6 9 9 11 11 6 15 4 16 5 17 4 24 5 25 0 30 0 31 0 32 0 35 0 37 0 53 0 54 0 55 
Case 154
4 4 5 5 6 6 9 9 11 11 6 15 4 16 5 17 4 24 5 25 0 30 0 31 0 32 0 35 0 37 0 54 0 55 0 61 
Case 155
4 4 5 5 6 6 9 9 11 11 6 15 4 16 5 17 4 24 5 25 0 30 0 31 0 32 0 35 0 37 0 54 0 55 0 69 
Case 156
4 4 5 5 6 6 9 9 11 11 4 16 5 17 6 18 4 24 5 25 0 30 0 31 0 32 0 35 0 37 0 54 0 55 0 56 
Case 157
4 4 5 5 6 6 9 9 11 11 4 16 5 17 6 18 4 24 5 25 0 30 0 31 0 32 0 35 0 37 0 54 0 55 0 64 
Case 158
4 4 5 5 6 6 9 9 11 11 4 16 5 17 6 18 4 24 5 25 0 30 0 31 0 32 0 35 0 37 0 54 0 55 0 72 
Case 159
4 4 5 5 6 6 9 9 11 11 4 16 5 17 6 19 4 24 5 25 0 30 0 31 0 32 0 35 0 37 0 54 0 55 0 57 
Case 160
4 4 5 5 6 6 9 9 11 11 4 16 5 17 6 19 4 24 5 25 0 30 0 31 0 32 0 35 0 37 0 54 0 55 0 65 
Case 161
4 4 5 5 6 6 9 9 11 11 4 16 5 17 6 19 4 24 5 25 0 30 0 31 0 32 0 35 0 37 0 54 0 55 0 73 
Case 162
4 4 5 5 6 6 9 9 11 11 6 12 4 16 5 17 4 24 5 25 0 30 0 31 0 35 0 37 0 44 0 50 0 54 0 55 
Case 163
4 4 5 5 6 6 9 9 11 11 6 12 4 16 5 17 4 24 5 25 0 30 0 31 0 35 0 37 0 44 0 54 0 55 0 58 
Case 164
4 4 5 5 6 6 9 9 11 11 6 12 4 16 5 17 4 24 5 25 0 30 0 31 0 35 0 37 0 44 0 54 0 55 0 66 
Case 165
4 4 5 5 6 6 9 9 11 11 6 13 4 16 5 17 4 24 5 25 0 30 0 31 0 35 0 37 0 44 0 51 0 54 0 55 
Case 166
4 4 5 5 6 6 9 9 11 11 6 13 4 16 5 17 4 24 5 25 0 30 0 31 0 35 0 37 0 44 0 54 0 55 0 59 
Case 167
4 4 5 5 6 6 9 9 11 11 6 13 4 16 5 17 4 24 5 25 0 30 0 31 0 35 0 37 0 44 0 54 0 55 0 67 
Case 168
4 4 5 5 6 6 9 9 11 11 6 14 4 16 5 17 4 24 5 25 0 30 0 31 0 35 0 37 0 44 0 52 0 54 0 55 
Case 169
4 4 5 5 6 6 9 9 11 11 6 14 4 16 5 17 4 24 5 25 0 30 0 31 0 35 0 37 0 44 0 54 0 55 0 60 
Case 170
4 4 5 5 6 6 9 9 11 11 6 14 4 16 5 17 4 24 5 25 0 30 0 31 0 35 0 37 0 44 0 54 0 55 0 68 
Case 171
4 4 5 5 6 6 9 9 11 11 6 15 4 16 5 17 4 24 5 25 0 30 0 31 0 35 0 37 0 44 0 53 0 54 0 55 
Case 172
4 4 5 5 6 6 9 9 11 11 6 15 4 16 5 17 4 24 5 25 0 30 0 31 0 35 0 37 0 44 0 54 0 55 0 61 
Case 173
4 4 5 5 6 6 9 9 11 11 6 15 4 16 5 17 4 24 5 25 0 30 0 31 0 35 0 37 0 44 0 54 0 55 0 69 
Case 174
4 4 5 5 6 6 9 9 11 11 4 16 5 17 6 18 4 24 5 25 0 30 0 31 0 35 0 37 0 44 0 54 0 55 0 56 
Case 175
4 4 5 5 6 6 9 9 11 11 4 16 5 17 6 18 4 24 5 25 0 30 0 31 0 35 0 37 0 44 0 54 0 55 0 64 
Case 176
4 4 5 5 6 6 9 9 11 11 4 16 5 17 6 18 4 24 5 25 0 30 0 31 0 35 0 37 0 44 0 54 0 55 0 72 
Case 177
4 4 5 5 6 6 9 9 11 11 4 16 5 17 6 19 4 24 5 25 0 30 0 31 0 35 0 37 0 44 0 54 0 55 0 57 
Case 178
4 4 5 5 6 6 9 9 11 11 4 16 5 17 6 19 4 24 5 25 0 30 0 31 0 35 0 37 0 44 0 54 0 55 0 65 
Case 179
4 4 5 5 6 6 9 9 11 11 4 16 5 17 6 19 4 24 5 25 0 30 0 31 0 35 0 37 0 44 0 54 0 55 0 73 
Case 180
4 4 5 5 6 7 9 9 11 11 6 12 4 16 5 17 4 24 5 25 0 30 0 31 0 33 0 35 0 37 0 50 0 54 0 55 
Case 181
4 4 5 5 6 7 9 9 11 11 6 12 4 16 5 17 4 24 5 25 0 30 0 31 0 33 0 35 0 37 0 54 0 55 0 58 
Case 182
4 4 5 5 6 7 9 9 11 11 6 12 4 16 5 17 4 24 5 25 0 30 0 31 0 33 0 35 0 37 0 54 0 55 0 66 
Case 183
4 4 5 5 6 7 9 9 11 11 6 13 4 16 5 17 4 24 5 25 0 30 0 31 0 33 0 35 0 37 0 51 0 54 0 55 
Case 184
4 4 5 5 6 7 9 9 11 11 6 13 4 16 5 17 4 24 5 25 0 30 0 31 0 33 0 35 0 37 0 54 0 55 0 59 
Case 185
4 4 5 5 6 7 9 9 11 11 6 13 4 16 5 17 4 24 5 25 0 30 0 31 0 33 0 35 0 37 0 54 0 55 0 67 
Case 186
4 4 5 5 6 7 9 9 11 11 6 14 4 16 5 17 4 24 5 25 0 30 0 31 0 33 0 35 0 37 0 52 0 54 0 55 
Case 187
4 4 5 5 6 7 9 9 11 11 6 14 4 16 5 17 4 24 5 25 0 30 0 31 0 33 0 35 0 37 0 54 0 55 0 60 
Case 188
4 4 5 5 6 7 9 9 11 11 6 14 4 16 5 17 4 24 5 25 0 30 0 31 0 33 0 35 0 37 0 54 0 55 0 68 
Case 189
4 4 5 5 6 7 9 9 11 11 6 15 4 16 5 17 4 24 5 25 0 30 0 31 0 33 0 35 0 37 0 53 0 54 0 55 
Case 190
4 4 5 5 6 7 9 9 11 11 6 15 4 16 5 17 4 24 5 25 0 30 0 31 0 33 0 35 0 37 0 54 0 55 0 61 
Case 191
4 4 5 5 6 7 9 9 11 11 6 15 4 16 5 17 4 24 5 25 0 30 0 31 0 33 0 35 0 37 0 54 0 55 0 69 
Case 192
4 4 5 5 6 7 9 9 11 11 4 16 5 17 6 18 4 24 5 25 0 30 0 31 0 33 0 35 0 37 0 54 0 55 0 56 
Case 193
4 4 5 5 6 7 9 9 11 11 4 16 5 17 6 18 4 24 5 25 0 30 0 31 0 33 0 35 0 37 0 54 0 55 0 64 
Case 194
4 4 5 5 6 7 9 9 11 11 4 16 5 17 6 18 4 24 5 25 0 30 0 31 0 33 0 35 0 37 0 54 0 55 0 72 
Case 195
4 4 5 5 6 7 9 9 11 11 4 16 5 17 6 19 4 24 5 25 0 30 0 31 0 33 0 35 0 37 0 54 0 55 0 57 
Case 196
4 4 5 5 6 7 9 9 11 11 4 16 5 17 6 19 4 24 5 25 0 30 0 31 0 33 0 35 0 37 0 54 0 55 0 65 
Case 197
4 4 5 5 6 7 9 9 11 11 4 16 5 17 6 19 4 24 5 25 0 30 0 31 0 33 0 35 0 37 0 54 0 55 0 73 
Case 198
4 4 5 5 6 7 9 9 11 11 6 12 4 16 5 17 4 24 5 25 0 30 0 31 0 35 0 37 0 45 0 50 0 54 0 55 
Case 199
4 4 5 5 6 7 9 9 11 11 6 12 4 16 5 17 4 24 5 25 0 30 0 31 0 35 0 37 0 45 0 54 0 55 0 58 
Case 200
4 4 5 5 6 7 9 9 11 11 6 12 4 16 5 17 4 24 5 25 0 30 0 31 0 35 0 37 0 45 0 54 0 55 0 66 
Case 201
4 4 5 5 6 7 9 9 11 11 6 13 4 16 5 17 4 24 5 25 0 30 0 31 0 35 0 37 0 45 0 51 0 54 0 55 
Case 202
4 4 5 5 6 7 9 9 11 11 6 13 4 16 5 17 4 24 5 25 0 30 0 31 0 35 0 37 0 45 0 54 0 55 0 59 
Case 203
4 4 5 5 6 7 9 9 11 11 6 13 4 16 5 17 4 24 5 25 0 30 0 31 0 35 0 37 0 45 0 54 0 55 0 67 
Case 204
4 4 5 5 6 7 9 9 11 11 6 14 4 16 5 17 4 24 5 25 0 30 0 31 0 35 0 37 0 45 0 52 0 54 0 55 
Case 205
4 4 5 5 6 7 9 9 11 11 6 14 4 16 5 17 4 24 5 25 0 30 0 31 0 35 0 37 0 45 0 54 0 55 0 60 
Case 206
4 4 5 5 6 7 9 9 11 11 6 14 4 16 5 17 4 24 5 25 0 30 0 31 0 35 0 37 0 45 0 54 0 55 0 68 
Case 207
4 4 5 5 6 7 9 9 11 11 6 15 4 16 5 17 4 24 5 25 0 30 0 31 0 35 0 37 0 45 0 53 0 54 0 55 
Case 208
4 4 5 5 6 7 9 9 11 11 6 15 4 16 5 17 4 24 5 25 0 30 0 31 0 35 0 37 0 45 0 54 0 55 0 61 
Case 209
4 4 5 5 6 7 9 9 11 11 6 15 4 16 5 17 4 24 5 25 0 30 0 31 0 35 0 37 0 45 0 54 0 55 0 69 
Case 210
4 4 5 5 6 7 9 9 11 11 4 16 5 17 6 18 4 24 5 25 0 30 0 31 0 35 0 37 0 45 0 54 0 55 0 56 
Case 211
4 4 5 5 6 7 9 9 11 11 4 16 5 17 6 18 4 24 5 25 0 30 0 31 0 35 0 37 0 45 0 54 0 55 0 64 
Case 212
4 4 5 5 6 7 9 9 11 11 4 16 5 17 6 18 4 24 5 25 0 30 0 31 0 35 0 37 0 45 0 54 0 55 0 72 
Case 213
4 4 5 5 6 7 9 9 11 11 4 16 5 17 6 19 4 24 5 25 0 30 0 31 0 35 0 37 0 45 0 54 0 55 0 57 
Case 214
4 4 5 5 6 7 9 9 11 11 4 16 5 17 6 19 4 24 5 25 0 30 0 31 0 35 0 37 0 45 0 54 0 55 0 65 
Case 215
4 4 5 5 6 7 9 9 11 11 4 16 5 17 6 19 4 24 5 25 0 30 0 31 0 35 0 37 0 45 0 54 0 55 0 73 
Case 216
4 4 5 5 6 8 9 9 11 11 6 12 4 16 5 17 4 24 5 25 0 30 0 31 0 34 0 35 0 37 0 50 0 54 0 55 
Case 217
4 4 5 5 6 8 9 9 11 11 6 12 4 16 5 17 4 24 5 25 0 30 0 31 0 34 0 35 0 37 0 54 0 55 0 58 
Case 218
4 4 5 5 6 8 9 9 11 11 6 12 4 16 5 17 4 24 5 25 0 30 0 31 0 34 0 35 0 37 0 54 0 55 0 66 
Case 219
4 4 5 5 6 8 9 9 11 11 6 13 4 16 5 17 4 24 5 25 0 30 0 31 0 34 0 35 0 37 0 51 0 54 0 55 
Case 220
4 4 5 5 6 8 9 9 11 11 6 13 4 16 5 17 4 24 5 25 0 30 0 31 0 34 0 35 0 37 0 54 0 55 0 59 
Case 221
4 4 5 5 6 8 9 9 11 11 6 13 4 16 5 17 4 24 5 25 0 30 0 31 0 34 0 35 0 37 0 54 0 55 0 67 
Case 222
4 4 5 5 6 8 9 9 11 11 6 14 4 16 5 17 4 24 5 25 0 30 0 31 0 34 0 35 0 37 0 52 0 54 0 55 
Case 223
4 4 5 5 6 8 9 9 11 11 6 14 4 16 5 17 4 24 5 25 0 30 0 31 0 34 0 35 0 37 0 54 0 55 0 60 
Case 224
4 4 5 5 6 8 9 9 11 11 6 14 4 16 5 17 4 24 5 25 0 30 0 31 0 34 0 35 0 37 0 54 0 55 0 68 
Case 225
4 4 5 5 6 8 9 9 11 11 6 15 4 16 5 17 4 24 5 25 0 30 0 31 0 34 0 35 0 37 0 53 0 54 0 55 
Case 226
4 4 5 5 6 8 9 9 11 11 6 15 4 16 5 17 4 24 5 25 0 30 0 31 0 34 0 35 0 37 0 54 0 55 0 61 
Case 227
4 4 5 5 6 8 9 9 11 11 6 15 4 16 5 17 4 24 5 25 0 30 0 31 0 34 0 35 0 37 0 54 0 55 0 69 
Case 228
4 4 5 5 6 8 9 9 11 11 4 16 5 17 6 18 4 24 5 25 0 30 0 31 0 34 0 35 0 37 0 54 0 55 0 56 
Case 229
4 4 5 5 6 8 9 9 11 11 4 16 5 17 6 18 4 24 5 25 0 30 0 31 0 34 0 35 0 37 0 54 0 55 0 64 
Case 230
4 4 5 5 6 8 9 9 11 11 4 16 5 17 6 18 4 24 5 25 0 30 0 31 0 34 0 35 0 37 0 54 0 55 0 72 
Case 231
4 4 5 5 6 8 9 9 11 11 4 16 5 17 6 19 4 24 5 25 0 30 0 31 0 34 0 35 0 37 0 54 0 55 0 57 
Case 232
4 4 5 5 6 8 9 9 11 11 4 16 5 17 6 19 4 24 5 25 0 30 0 31 0 34 0 35 0 37 0 54 0 55 0 65 
Case 233
4 4 5 5 6 8 9 9 11 11 4 16 5 17 6 19 4 24 5 25 0 30 0 31 0 34 0 35 0 37 0 54 0 55 0 73 
Case 234
4 4 5 5 6 8 9 9 11 11 6 12 4 16 5 17 4 24 5 25 0 30 0 31 0 35 0 37 0 46 0 50 0 54 0 55 
Case 235
4 4 5 5 6 8 9 9 11 11 6 12 4 16 5 17 4 24 5 25 0 30 0 31 0 35 0 37 0 46 0 54 0 55 0 58 
Case 236
4 4 5 5 6 8 9 9 11 11 6 12 4 16 5 17 4 24 5 25 0 30 0 31 0 35 0 37 0 46 0 54 0 55 0 66 
Case 237
4 4 5 5 6 8 9 9 11 11 6 13 4 16 5 17 4 24 5 25 0 30 0 31 0 35 0 37 0 46 0 51 0 54 0 55 
Case 238
4 4 5 5 6 8 9 9 11 11 6 13 4 16 5 17 4 24 5 25 0 30 0 31 0 35 0 37 0 46 0 54 0 55 0 59 
Case 239
4 4 5 5 6 8 9 9 11 11 6 13 4 16 5 17 4 24 5 25 0 30 0 31 0 35 0 37 0 46 0 54 0 55 0 67 
Case 240
4 4 5 5 6 8 9 9 11 11 6 14 4 16 5 17 4 24 5 25 0 30 0 31 0 35 0 37 0 46 0 52 0 54 0 55 
Case 241
4 4 5 5 6 8 9 9 11 11 6 14 4 16 5 17 4 24 5 25 0 30 0 31 0 35 0 37 0 46 0 54 0 55 0 60 
Case 242
4 4 5 5 6 8 9 9 11 11 6 14 4 16 5 17 4 24 5 25 0 30 0 31 0 35 0 37 0 46 0 54 0 55 0 68 
Case 243
4 4 5 5 6 8 9 9 11 11 6 15 4 16 5 17 4 24 5 25 0 30 0 31 0 35 0 37 0 46 0 53 0 54 0 55 
Case 244
4 4 5 5 6 8 9 9 11 11 6 15 4 16 5 17 4 24 5 25 0 30 0 31 0 35 0 37 0 46 0 54 0 55 0 61 
Case 245
4 4 5 5 6 8 9 9 11 11 6 15 4 16 5 17 4 24 5 25 0 30 0 31 0 35 0 37 0 46 0 54 0 55 0 69 
Case 246
4 4 5 5 6 8 9 9 11 11 4 16 5 17 6 18 4 24 5 25 0 30 0 31 0 35 0 37 0 46 0 54 0 55 0 56 
Case 247
4 4 5 5 6 8 9 9 11 11 4 16 5 17 6 18 4 24 5 25 0 30 0 31 0 35 0 37 0 46 0 54 0 55 0 64 
Case 248
4 4 5 5 6 8 9 9 11 11 4 16 5 17 6 18 4 24 5 25 0 30 0 31 0 35 0 37 0 46 0 54 0 55 0 72 
Case 249
4 4 5 5 6 8 9 9 11 11 4 16 5 17 6 19 4 24 5 25 0 30 0 31 0 35 0 37 0 46 0 54 0 55 0 57 
Case 250
4 4 5 5 6 8 9 9 11 11 4 16 5 17 6 19 4 24 5 25 0 30 0 31 0 35 0 37 0 46 0 54 0 55 0 65 
Case 251
4 4 5 5 6 8 9 9 11 11 4 16 5 17 6 19 4 24 5 25 0 30 0 31 0 35 0 37 0 46 0 54 0 55 0 73 
Case 252
4 4 5 5 9 9 6 10 11 11 6 12 4 16 5 17 4 24 5 25 0 30 0 31 0 35 0 36 0 37 0 50 0 54 0 55 
Case 253
4 4 5 5 9 9 6 10 11 11 6 12 4 16 5 17 4 24 5 25 0 30 0 31 0 35 0 36 0 37 0 54 0 55 0 58 
Case 254
4 4 5 5 9 9 6 10 11 11 6 12 4 16 5 17 4 24 5 25 0 30 0 31 0 35 0 36 0 37 0 54 0 55 0 66 
Case 255
4 4 5 5 9 9 6 10 11 11 6 13 4 16 5 17 4 24 5 25 0 30 0 31 0 35 0 36 0 37 0 51 0 54 0 55 
Case 256
4 4 5 5 9 9 6 10 11 11 6 13 4 16 5 17 4 24 5 25 0 30 0 31 0 35 0 36 0 37 0 54 0 55 0 59 
Case 257
4 4 5 5 9 9 6 10 11 11 6 13 4 16 5 17 4 24 5 25 0 30 0 31 0 35 0 36 0 37 0 54 0 55 0 67 
Case 258
4 4 5 5 9 9 6 10 11 11 6 14 4 16 5 17 4 24 5 25 0 30 0 31 0 35 0 36 0 37 0 52 0 54 0 55 
Case 259
4 4 5 5 9 9 6 10 11 11 6 14 4 16 5 17 4 24 5 25 0 30 0 31 0 35 0 36 0 37 0 54 0 55 0 60 
Case 260
4 4 5 5 9 9 6 10 11 11 6 14 4 16 5 17 4 24 5 25 0 30 0 31 0 35 0 36 0 37 0 54 0 55 0 68 
Case 261
4 4 5 5 9 9 6 10 11 11 6 15 4 16 5 17 4 24 5 25 0 30 0 31 0 35 0 36 0 37 0 53 0 54 0 55 
Case 262
4 4 5 5 9 9 6 10 11 11 6 15 4 16 5 17 4 24 5 25 0 30 0 31 0 35 0 36 0 37 0 54 0 55 0 61 
Case 263
4 4 5 5 9 9 6 10 11 11 6 15 4 16 5 17 4 24 5 25 0 30 0 31 0 35 0 36 0 37 0 54 0 55 0 69 
Case 264
4 4 5 5 9 9 6 10 11 11 4 16 5 17 6 18 4 24 5 25 0 30 0 31 0 35 0 36 0 37 0 54 0 55 0 56 
Case 265
4 4 5 5 9 9 6 10 11 11 4 16 5 17 6 18 4 24 5 25 0 30 0 31 0 35 0 36 0 37 0 54 0 55 0 64 
Case 266
4 4 5 5 9 9 6 10 11 11 4 16 5 17 6 18 4 24 5 25 0 30 0 31 0 35 0 36 0 37 0 54 0 55 0 72 
Case 267
4 4 5 5 9 9 6 10 11 11 4 16 5 17 6 19 4 24 5 25 0 30 0 31 0 35 0 36 0 37 0 54 0 55 0 57 
Case 268
4 4 5 5 9 9 6 10 11 11 4 16 5 17 6 19 4 24 5 25 0 30 0 31 0 35 0 36 0 37 0 54 0 55 0 65 
Case 269
4 4 5 5 9 9 6 10 11 11 4 16 5 17 6 19 4 24 5 25 0 30 0 31 0 35 0 36 0 37 0 54 0 55 0 73 
Case 270
4 4 5 5 9 9 6 10 11 11 6 12 4 16 5 17 4 24 5 25 0 30 0 31 0 35 0 37 0 48 0 50 0 54 0 55 
Case 271
4 4 5 5 9 9 6 10 11 11 6 12 4 16 5 17 4 24 5 25 0 30 0 31 0 35 0 37 0 48 0 54 0 55 0 58 
Case 272
4 4 5 5 9 9 6 10 11 11 6 12 4 16 5 17 4 24 5 25 0 30 0 31 0 35 0 37 0 48 0 54 0 55 0 66 
Case 273
4 4 5 5 9 9 6 10 11 11 6 13 4 16 5 17 4 24 5 25 0 30 0 31 0 35 0 37 0 48 0 51 0 54 0 55 
Case 274
4 4 5 5 9 9 6 10 11 11 6 13 4 16 5 17 4 24 5 25 0 30 0 31 0 35 0 37 0 48 0 54 0 55 0 59 
Case 275
4 4 5 5 9 9 6 10 11 11 6 13 4 16 5 17 4 24 5 25 0 30 0 31 0 35 0 37 0 48 0 54 0 55 0 67 
Case 276
4 4 5 5 9 9 6 10 11 11 6 14 4 16 5 17 4 24 5 25 0 30 0 31 0 35 0 37 0 48 0 52 0 54 0 55 
Case 277
4 4 5 5 9 9 6 10 11 11 6 14 4 16 5 17 4 24 5 25 0 30 0 31 0 35 0 37 0 48 0 54 0 55 0 60 
Case 278
4 4 5 5 9 9 6 10 11 11 6 14 4 16 5 17 4 24 5 25 0 30 0 31 0 35 0 37 0 48 0 54 0 55 0 68 
Case 279
4 4 5 5 9 9 6 10 11 11 6 15 4 16 5 17 4 24 5 25 0 30 0 31 0 35 0 37 0 48 0 53 0 54 0 55 
Case 280
4 4 5 5 9 9 6 10 11 11 6 15 4 16 5 17 4 24 5 25 0 30 0 31 0 35 0 37 0 48 0 54 0 55 0 61 
Case 281
4 4 5 5 9 9 6 10 11 11 6 15 4 16 5 17 4 24 5 25 0 30 0 31 0 35 0 37 0 48 0 54 0 55 0 69 
Case 282
4 4 5 5 9 9 6 10 11 11 4 16 5 17 6 18 4 24 5 25 0 30 0 31 0 35 0 37 0 48 0 54 0 55 0 56 
Case 283
4 4 5 5 9 9 6 10 11 11 4 16 5 17 6 18 4 24 5 25 0 30 0 31 0 35 0 37 0 48 0 54 0 55 0 64 
Case 284
4 4 5 5 9 9 6 10 11 11 4 16 5 17 6 18 4 24 5 25 0 30 0 31 0 35 0 37 0 48 0 54 0 55 0 72 
Case 285
4 4 5 5 9 9 6 10 11 11 4 16 5 17 6 19 4 24 5 25 0 30 0 31 0 35 0 37 0 48 0 54 0 55 0 57 
Case 286
4 4 5 5 9 9 6 10 11 11 4 16 5 17 6 19 4 24 5 25 0 30 0 31 0 35 0 37 0 48 0 54 0 55 0 65 
Case 287
4 4 5 5 9 9 6 10 11 11 4 16 5 17 6 19 4 24 5 25 0 30 0 31 0 35 0 37 0 48 0 54 0 55 0 73 
