Case 0
7 0 4 4 5 5 9 9 11 11 7 12 4 16 5 17 4 24 5 25 0 26 0 30 0 31 0 35 0 37 0 50 0 54 0 55 
Case 1
7 0 4 4 5 5 9 9 11 11 7 12 4 16 5 17 4 24 5 25 0 26 0 30 0 31 0 35 0 37 0 54 0 55 0 58 
Case 2
7 0 4 4 5 5 9 9 11 11 7 12 4 16 5 17 4 24 5 25 0 26 0 30 0 31 0 35 0 37 0 54 0 55 0 66 
Case 3
7 0 4 4 5 5 9 9 11 11 7 13 4 16 5 17 4 24 5 25 0 26 0 30 0 31 0 35 0 37 0 51 0 54 0 55 
Case 4
7 0 4 4 5 5 9 9 11 11 7 13 4 16 5 17 4 24 5 25 0 26 0 30 0 31 0 35 0 37 0 54 0 55 0 59 
Case 5
7 0 4 4 5 5 9 9 11 11 7 13 4 16 5 17 4 24 5 25 0 26 0 30 0 31 0 35 0 37 0 54 0 55 0 67 
Case 6
7 0 4 4 5 5 9 9 11 11 7 14 4 16 5 17 4 24 5 25 0 26 0 30 0 31 0 35 0 37 0 52 0 54 0 55 
Case 7
7 0 4 4 5 5 9 9 11 11 7 14 4 16 5 17 4 24 5 25 0 26 0 30 0 31 0 35 0 37 0 54 0 55 0 60 
Case 8
7 0 4 4 5 5 9 9 11 11 7 14 4 16 5 17 4 24 5 25 0 26 0 30 0 31 0 35 0 37 0 54 0 55 0 68 
Case 9
7 0 4 4 5 5 9 9 11 11 7 15 4 16 5 17 4 24 5 25 0 26 0 30 0 31 0 35 0 37 0 53 0 54 0 55 
Case 10
7 0 4 4 5 5 9 9 11 11 7 15 4 16 5 17 4 24 5 25 0 26 0 30 0 31 0 35 0 37 0 54 0 55 0 61 
Case 11
7 0 4 4 5 5 9 9 11 11 7 15 4 16 5 17 4 24 5 25 0 26 0 30 0 31 0 35 0 37 0 54 0 55 0 69 
Case 12
7 0 4 4 5 5 9 9 11 11 4 16 5 17 7 18 4 24 5 25 0 26 0 30 0 31 0 35 0 37 0 54 0 55 0 56 
Case 13
7 0 4 4 5 5 9 9 11 11 4 16 5 17 7 18 4 24 5 25 0 26 0 30 0 31 0 35 0 37 0 54 0 55 0 64 
Case 14
7 0 4 4 5 5 9 9 11 11 4 16 5 17 7 18 4 24 5 25 0 26 0 30 0 31 0 35 0 37 0 54 0 55 0 72 
Case 15
7 0 4 4 5 5 9 9 11 11 4 16 5 17 7 19 4 24 5 25 0 26 0 30 0 31 0 35 0 37 0 54 0 55 0 57 
Case 16
7 0 4 4 5 5 9 9 11 11 4 16 5 17 7 19 4 24 5 25 0 26 0 30 0 31 0 35 0 37 0 54 0 55 0 65 
Case 17
7 0 4 4 5 5 9 9 11 11 4 16 5 17 7 19 4 24 5 25 0 26 0 30 0 31 0 35 0 37 0 54 0 55 0 73 
Case 18
7 0 4 4 5 5 9 9 11 11 7 12 4 16 5 17 4 24 5 25 0 30 0 31 0 35 0 37 0 38 0 50 0 54 0 55 
Case 19
7 0 4 4 5 5 9 9 11 11 7 12 4 16 5 17 4 24 5 25 0 30 0 31 0 35 0 37 0 38 0 54 0 55 0 58 
Case 20
7 0 4 4 5 5 9 9 11 11 7 12 4 16 5 17 4 24 5 25 0 30 0 31 0 35 0 37 0 38 0 54 0 55 0 66 
Case 21
7 0 4 4 5 5 9 9 11 11 7 13 4 16 5 17 4 24 5 25 0 30 0 31 0 35 0 37 0 38 0 51 0 54 0 55 
Case 22
7 0 4 4 5 5 9 9 11 11 7 13 4 16 5 17 4 24 5 25 0 30 0 31 0 35 0 37 0 38 0 54 0 55 0 59 
Case 23
7 0 4 4 5 5 9 9 11 11 7 13 4 16 5 17 4 24 5 25 0 30 0 31 0 35 0 37 0 38 0 54 0 55 0 67 
Case 24
7 0 4 4 5 5 9 9 11 11 7 14 4 16 5 17 4 24 5 25 0 30 0 31 0 35 0 37 0 38 0 52 0 54 0 55 
Case 25
7 0 4 4 5 5 9 9 11 11 7 14 4 16 5 17 4 24 5 25 0 30 0 31 0 35 0 37 0 38 0 54 0 55 0 60 
Case 26
7 0 4 4 5 5 9 9 11 11 7 14 4 16 5 17 4 24 5 25 0 30 0 31 0 35 0 37 0 38 0 54 0 55 0 68 
Case 27
7 0 4 4 5 5 9 9 11 11 7 15 4 16 5 17 4 24 5 25 0 30 0 31 0 35 0 37 0 38 0 53 0 54 0 55 
Case 28
7 0 4 4 5 5 9 9 11 11 7 15 4 16 5 17 4 24 5 25 0 30 0 31 0 35 0 37 0 38 0 54 0 55 0 61 
Case 29
7 0 4 4 5 5 9 9 11 11 7 15 4 16 5 17 4 24 5 25 0 30 0 31 0 35 0 37 0 38 0 54 0 55 0 69 
Case 30
7 0 4 4 5 5 9 9 11 11 4 16 5 17 7 18 4 24 5 25 0 30 0 31 0 35 0 37 0 38 0 54 0 55 0 56 
Case 31
7 0 4 4 5 5 9 9 11 11 4 16 5 17 7 18 4 24 5 25 0 30 0 31 0 35 0 37 0 38 0 54 0 55 0 64 
Case 32
7 0 4 4 5 5 9 9 11 11 4 16 5 17 7 18 4 24 5 25 0 30 0 31 0 35 0 37 0 38 0 54 0 55 0 72 
Case 33
7 0 4 4 5 5 9 9 11 11 4 16 5 17 7 19 4 24 5 25 0 30 0 31 0 35 0 37 0 38 0 54 0 55 0 57 
Case 34
7 0 4 4 5 5 9 9 11 11 4 16 5 17 7 19 4 24 5 25 0 30 0 31 0 35 0 37 0 38 0 54 0 55 0 65 
Case 35
7 0 4 4 5 5 9 9 11 11 4 16 5 17 7 19 4 24 5 25 0 30 0 31 0 35 0 37 0 38 0 54 0 55 0 73 
Case 36
7 1 4 4 5 5 9 9 11 11 7 12 4 16 5 17 4 24 5 25 0 27 0 30 0 31 0 35 0 37 0 50 0 54 0 55 
Case 37
7 1 4 4 5 5 9 9 11 11 7 12 4 16 5 17 4 24 5 25 0 27 0 30 0 31 0 35 0 37 0 54 0 55 0 58 
Case 38
7 1 4 4 5 5 9 9 11 11 7 12 4 16 5 17 4 24 5 25 0 27 0 30 0 31 0 35 0 37 0 54 0 55 0 66 
Case 39
7 1 4 4 5 5 9 9 11 11 7 13 4 16 5 17 4 24 5 25 0 27 0 30 0 31 0 35 0 37 0 51 0 54 0 55 
Case 40
7 1 4 4 5 5 9 9 11 11 7 13 4 16 5 17 4 24 5 25 0 27 0 30 0 31 0 35 0 37 0 54 0 55 0 59 
Case 41
7 1 4 4 5 5 9 9 11 11 7 13 4 16 5 17 4 24 5 25 0 27 0 30 0 31 0 35 0 37 0 54 0 55 0 67 
Case 42
7 1 4 4 5 5 9 9 11 11 7 14 4 16 5 17 4 24 5 25 0 27 0 30 0 31 0 35 0 37 0 52 0 54 0 55 
Case 43
7 1 4 4 5 5 9 9 11 11 7 14 4 16 5 17 4 24 5 25 0 27 0 30 0 31 0 35 0 37 0 54 0 55 0 60 
Case 44
7 1 4 4 5 5 9 9 11 11 7 14 4 16 5 17 4 24 5 25 0 27 0 30 0 31 0 35 0 37 0 54 0 55 0 68 
Case 45
7 1 4 4 5 5 9 9 11 11 7 15 4 16 5 17 4 24 5 25 0 27 0 30 0 31 0 35 0 37 0 53 0 54 0 55 
Case 46
7 1 4 4 5 5 9 9 11 11 7 15 4 16 5 17 4 24 5 25 0 27 0 30 0 31 0 35 0 37 0 54 0 55 0 61 
Case 47
7 1 4 4 5 5 9 9 11 11 7 15 4 16 5 17 4 24 5 25 0 27 0 30 0 31 0 35 0 37 0 54 0 55 0 69 
Case 48
7 1 4 4 5 5 9 9 11 11 4 16 5 17 7 18 4 24 5 25 0 27 0 30 0 31 0 35 0 37 0 54 0 55 0 56 
Case 49
7 1 4 4 5 5 9 9 11 11 4 16 5 17 7 18 4 24 5 25 0 27 0 30 0 31 0 35 0 37 0 54 0 55 0 64 
Case 50
7 1 4 4 5 5 9 9 11 11 4 16 5 17 7 18 4 24 5 25 0 27 0 30 0 31 0 35 0 37 0 54 0 55 0 72 
Case 51
7 1 4 4 5 5 9 9 11 11 4 16 5 17 7 19 4 24 5 25 0 27 0 30 0 31 0 35 0 37 0 54 0 55 0 57 
Case 52
7 1 4 4 5 5 9 9 11 11 4 16 5 17 7 19 4 24 5 25 0 27 0 30 0 31 0 35 0 37 0 54 0 55 0 65 
Case 53
7 1 4 4 5 5 9 9 11 11 4 16 5 17 7 19 4 24 5 25 0 27 0 30 0 31 0 35 0 37 0 54 0 55 0 73 
Case 54
7 1 4 4 5 5 9 9 11 11 7 12 4 16 5 17 4 24 5 25 0 30 0 31 0 35 0 37 0 39 0 50 0 54 0 55 
Case 55
7 1 4 4 5 5 9 9 11 11 7 12 4 16 5 17 4 24 5 25 0 30 0 31 0 35 0 37 0 39 0 54 0 55 0 58 
Case 56
7 1 4 4 5 5 9 9 11 11 7 12 4 16 5 17 4 24 5 25 0 30 0 31 0 35 0 37 0 39 0 54 0 55 0 66 
Case 57
7 1 4 4 5 5 9 9 11 11 7 13 4 16 5 17 4 24 5 25 0 30 0 31 0 35 0 37 0 39 0 51 0 54 0 55 
Case 58
7 1 4 4 5 5 9 9 11 11 7 13 4 16 5 17 4 24 5 25 0 30 0 31 0 35 0 37 0 39 0 54 0 55 0 59 
Case 59
7 1 4 4 5 5 9 9 11 11 7 13 4 16 5 17 4 24 5 25 0 30 0 31 0 35 0 37 0 39 0 54 0 55 0 67 
Case 60
7 1 4 4 5 5 9 9 11 11 7 14 4 16 5 17 4 24 5 25 0 30 0 31 0 35 0 37 0 39 0 52 0 54 0 55 
Case 61
7 1 4 4 5 5 9 9 11 11 7 14 4 16 5 17 4 24 5 25 0 30 0 31 0 35 0 37 0 39 0 54 0 55 0 60 
Case 62
7 1 4 4 5 5 9 9 11 11 7 14 4 16 5 17 4 24 5 25 0 30 0 31 0 35 0 37 0 39 0 54 0 55 0 68 
Case 63
7 1 4 4 5 5 9 9 11 11 7 15 4 16 5 17 4 24 5 25 0 30 0 31 0 35 0 37 0 39 0 53 0 54 0 55 
Case 64
7 1 4 4 5 5 9 9 11 11 7 15 4 16 5 17 4 24 5 25 0 30 0 31 0 35 0 37 0 39 0 54 0 55 0 61 
Case 65
7 1 4 4 5 5 9 9 11 11 7 15 4 16 5 17 4 24 5 25 0 30 0 31 0 35 0 37 0 39 0 54 0 55 0 69 
Case 66
7 1 4 4 5 5 9 9 11 11 4 16 5 17 7 18 4 24 5 25 0 30 0 31 0 35 0 37 0 39 0 54 0 55 0 56 
Case 67
7 1 4 4 5 5 9 9 11 11 4 16 5 17 7 18 4 24 5 25 0 30 0 31 0 35 0 37 0 39 0 54 0 55 0 64 
Case 68
7 1 4 4 5 5 9 9 11 11 4 16 5 17 7 18 4 24 5 25 0 30 0 31 0 35 0 37 0 39 0 54 0 55 0 72 
Case 69
7 1 4 4 5 5 9 9 11 11 4 16 5 17 7 19 4 24 5 25 0 30 0 31 0 35 0 37 0 39 0 54 0 55 0 57 
Case 70
7 1 4 4 5 5 9 9 11 11 4 16 5 17 7 19 4 24 5 25 0 30 0 31 0 35 0 37 0 39 0 54 0 55 0 65 
Case 71
7 1 4 4 5 5 9 9 11 11 4 16 5 17 7 19 4 24 5 25 0 30 0 31 0 35 0 37 0 39 0 54 0 55 0 73 
Case 72
7 2 4 4 5 5 9 9 11 11 7 12 4 16 5 17 4 24 5 25 0 28 0 30 0 31 0 35 0 37 0 50 0 54 0 55 
Case 73
7 2 4 4 5 5 9 9 11 11 7 12 4 16 5 17 4 24 5 25 0 28 0 30 0 31 0 35 0 37 0 54 0 55 0 58 
Case 74
7 2 4 4 5 5 9 9 11 11 7 12 4 16 5 17 4 24 5 25 0 28 0 30 0 31 0 35 0 37 0 54 0 55 0 66 
Case 75
7 2 4 4 5 5 9 9 11 11 7 13 4 16 5 17 4 24 5 25 0 28 0 30 0 31 0 35 0 37 0 51 0 54 0 55 
Case 76
7 2 4 4 5 5 9 9 11 11 7 13 4 16 5 17 4 24 5 25 0 28 0 30 0 31 0 35 0 37 0 54 0 55 0 59 
Case 77
7 2 4 4 5 5 9 9 11 11 7 13 4 16 5 17 4 24 5 25 0 28 0 30 0 31 0 35 0 37 0 54 0 55 0 67 
Case 78
7 2 4 4 5 5 9 9 11 11 7 14 4 16 5 17 4 24 5 25 0 28 0 30 0 31 0 35 0 37 0 52 0 54 0 55 
Case 79
7 2 4 4 5 5 9 9 11 11 7 14 4 16 5 17 4 24 5 25 0 28 0 30 0 31 0 35 0 37 0 54 0 55 0 60 
Case 80
7 2 4 4 5 5 9 9 11 11 7 14 4 16 5 17 4 24 5 25 0 28 0 30 0 31 0 35 0 37 0 54 0 55 0 68 
Case 81
7 2 4 4 5 5 9 9 11 11 7 15 4 16 5 17 4 24 5 25 0 28 0 30 0 31 0 35 0 37 0 53 0 54 0 55 
Case 82
7 2 4 4 5 5 9 9 11 11 7 15 4 16 5 17 4 24 5 25 0 28 0 30 0 31 0 35 0 37 0 54 0 55 0 61 
Case 83
7 2 4 4 5 5 9 9 11 11 7 15 4 16 5 17 4 24 5 25 0 28 0 30 0 31 0 35 0 37 0 54 0 55 0 69 
Case 84
7 2 4 4 5 5 9 9 11 11 4 16 5 17 7 18 4 24 5 25 0 28 0 30 0 31 0 35 0 37 0 54 0 55 0 56 
Case 85
7 2 4 4 5 5 9 9 11 11 4 16 5 17 7 18 4 24 5 25 0 28 0 30 0 31 0 35 0 37 0 54 0 55 0 64 
Case 86
7 2 4 4 5 5 9 9 11 11 4 16 5 17 7 18 4 24 5 25 0 28 0 30 0 31 0 35 0 37 0 54 0 55 0 72 
Case 87
7 2 4 4 5 5 9 9 11 11 4 16 5 17 7 19 4 24 5 25 0 28 0 30 0 31 0 35 0 37 0 54 0 55 0 57 
Case 88
7 2 4 4 5 5 9 9 11 11 4 16 5 17 7 19 4 24 5 25 0 28 0 30 0 31 0 35 0 37 0 54 0 55 0 65 
Case 89
7 2 4 4 5 5 9 9 11 11 4 16 5 17 7 19 4 24 5 25 0 28 0 30 0 31 0 35 0 37 0 54 0 55 0 73 
Case 90
7 2 4 4 5 5 9 9 11 11 7 12 4 16 5 17 4 24 5 25 0 30 0 31 0 35 0 37 0 40 0 50 0 54 0 55 
Case 91
7 2 4 4 5 5 9 9 11 11 7 12 4 16 5 17 4 24 5 25 0 30 0 31 0 35 0 37 0 40 0 54 0 55 0 58 
Case 92
7 2 4 4 5 5 9 9 11 11 7 12 4 16 5 17 4 24 5 25 0 30 0 31 0 35 0 37 0 40 0 54 0 55 0 66 
Case 93
7 2 4 4 5 5 9 9 11 11 7 13 4 16 5 17 4 24 5 25 0 30 0 31 0 35 0 37 0 40 0 51 0 54 0 55 
Case 94
7 2 4 4 5 5 9 9 11 11 7 13 4 16 5 17 4 24 5 25 0 30 0 31 0 35 0 37 0 40 0 54 0 55 0 59 
Case 95
7 2 4 4 5 5 9 9 11 11 7 13 4 16 5 17 4 24 5 25 0 30 0 31 0 35 0 37 0 40 0 54 0 55 0 67 
Case 96
7 2 4 4 5 5 9 9 11 11 7 14 4 16 5 17 4 24 5 25 0 30 0 31 0 35 0 37 0 40 0 52 0 54 0 55 
Case 97
7 2 4 4 5 5 9 9 11 11 7 14 4 16 5 17 4 24 5 25 0 30 0 31 0 35 0 37 0 40 0 54 0 55 0 60 
Case 98
7 2 4 4 5 5 9 9 11 11 7 14 4 16 5 17 4 24 5 25 0 30 0 31 0 35 0 37 0 40 0 54 0 55 0 68 
Case 99
7 2 4 4 5 5 9 9 11 11 7 15 4 16 5 17 4 24 5 25 0 30 0 31 0 35 0 37 0 40 0 53 0 54 0 55 
Case 100
7 2 4 4 5 5 9 9 11 11 7 15 4 16 5 17 4 24 5 25 0 30 0 31 0 35 0 37 0 40 0 54 0 55 0 61 
Case 101
7 2 4 4 5 5 9 9 11 11 7 15 4 16 5 17 4 24 5 25 0 30 0 31 0 35 0 37 0 40 0 54 0 55 0 69 
Case 102
7 2 4 4 5 5 9 9 11 11 4 16 5 17 7 18 4 24 5 25 0 30 0 31 0 35 0 37 0 40 0 54 0 55 0 56 
Case 103
7 2 4 4 5 5 9 9 11 11 4 16 5 17 7 18 4 24 5 25 0 30 0 31 0 35 0 37 0 40 0 54 0 55 0 64 
Case 104
7 2 4 4 5 5 9 9 11 11 4 16 5 17 7 18 4 24 5 25 0 30 0 31 0 35 0 37 0 40 0 54 0 55 0 72 
Case 105
7 2 4 4 5 5 9 9 11 11 4 16 5 17 7 19 4 24 5 25 0 30 0 31 0 35 0 37 0 40 0 54 0 55 0 57 
Case 106
7 2 4 4 5 5 9 9 11 11 4 16 5 17 7 19 4 24 5 25 0 30 0 31 0 35 0 37 0 40 0 54 0 55 0 65 
Case 107
7 2 4 4 5 5 9 9 11 11 4 16 5 17 7 19 4 24 5 25 0 30 0 31 0 35 0 37 0 40 0 54 0 55 0 73 
Case 108
7 3 4 4 5 5 9 9 11 11 7 12 4 16 5 17 4 24 5 25 0 29 0 30 0 31 0 35 0 37 0 50 0 54 0 55 
Case 109
7 3 4 4 5 5 9 9 11 11 7 12 4 16 5 17 4 24 5 25 0 29 0 30 0 31 0 35 0 37 0 54 0 55 0 58 
Case 110
7 3 4 4 5 5 9 9 11 11 7 12 4 16 5 17 4 24 5 25 0 29 0 30 0 31 0 35 0 37 0 54 0 55 0 66 
Case 111
7 3 4 4 5 5 9 9 11 11 7 13 4 16 5 17 4 24 5 25 0 29 0 30 0 31 0 35 0 37 0 51 0 54 0 55 
Case 112
7 3 4 4 5 5 9 9 11 11 7 13 4 16 5 17 4 24 5 25 0 29 0 30 0 31 0 35 0 37 0 54 0 55 0 59 
Case 113
7 3 4 4 5 5 9 9 11 11 7 13 4 16 5 17 4 24 5 25 0 29 0 30 0 31 0 35 0 37 0 54 0 55 0 67 
Case 114
7 3 4 4 5 5 9 9 11 11 7 14 4 16 5 17 4 24 5 25 0 29 0 30 0 31 0 35 0 37 0 52 0 54 0 55 
Case 115
7 3 4 4 5 5 9 9 11 11 7 14 4 16 5 17 4 24 5 25 0 29 0 30 0 31 0 35 0 37 0 54 0 55 0 60 
Case 116
7 3 4 4 5 5 9 9 11 11 7 14 4 16 5 17 4 24 5 25 0 29 0 30 0 31 0 35 0 37 0 54 0 55 0 68 
Case 117
7 3 4 4 5 5 9 9 11 11 7 15 4 16 5 17 4 24 5 25 0 29 0 30 0 31 0 35 0 37 0 53 0 54 0 55 
Case 118
7 3 4 4 5 5 9 9 11 11 7 15 4 16 5 17 4 24 5 25 0 29 0 30 0 31 0 35 0 37 0 54 0 55 0 61 
Case 119
7 3 4 4 5 5 9 9 11 11 7 15 4 16 5 17 4 24 5 25 0 29 0 30 0 31 0 35 0 37 0 54 0 55 0 69 
Case 120
7 3 4 4 5 5 9 9 11 11 4 16 5 17 7 18 4 24 5 25 0 29 0 30 0 31 0 35 0 37 0 54 0 55 0 56 
Case 121
7 3 4 4 5 5 9 9 11 11 4 16 5 17 7 18 4 24 5 25 0 29 0 30 0 31 0 35 0 37 0 54 0 55 0 64 
Case 122
7 3 4 4 5 5 9 9 11 11 4 16 5 17 7 18 4 24 5 25 0 29 0 30 0 31 0 35 0 37 0 54 0 55 0 72 
Case 123
7 3 4 4 5 5 9 9 11 11 4 16 5 17 7 19 4 24 5 25 0 29 0 30 0 31 0 35 0 37 0 54 0 55 0 57 
Case 124
7 3 4 4 5 5 9 9 11 11 4 16 5 17 7 19 4 24 5 25 0 29 0 30 0 31 0 35 0 37 0 54 0 55 0 65 
Case 125
7 3 4 4 5 5 9 9 11 11 4 16 5 17 7 19 4 24 5 25 0 29 0 30 0 31 0 35 0 37 0 54 0 55 0 73 
Case 126
7 3 4 4 5 5 9 9 11 11 7 12 4 16 5 17 4 24 5 25 0 30 0 31 0 35 0 37 0 41 0 50 0 54 0 55 
Case 127
7 3 4 4 5 5 9 9 11 11 7 12 4 16 5 17 4 24 5 25 0 30 0 31 0 35 0 37 0 41 0 54 0 55 0 58 
Case 128
7 3 4 4 5 5 9 9 11 11 7 12 4 16 5 17 4 24 5 25 0 30 0 31 0 35 0 37 0 41 0 54 0 55 0 66 
Case 129
7 3 4 4 5 5 9 9 11 11 7 13 4 16 5 17 4 24 5 25 0 30 0 31 0 35 0 37 0 41 0 51 0 54 0 55 
Case 130
7 3 4 4 5 5 9 9 11 11 7 13 4 16 5 17 4 24 5 25 0 30 0 31 0 35 0 37 0 41 0 54 0 55 0 59 
Case 131
7 3 4 4 5 5 9 9 11 11 7 13 4 16 5 17 4 24 5 25 0 30 0 31 0 35 0 37 0 41 0 54 0 55 0 67 
Case 132
7 3 4 4 5 5 9 9 11 11 7 14 4 16 5 17 4 24 5 25 0 30 0 31 0 35 0 37 0 41 0 52 0 54 0 55 
Case 133
7 3 4 4 5 5 9 9 11 11 7 14 4 16 5 17 4 24 5 25 0 30 0 31 0 35 0 37 0 41 0 54 0 55 0 60 
Case 134
7 3 4 4 5 5 9 9 11 11 7 14 4 16 5 17 4 24 5 25 0 30 0 31 0 35 0 37 0 41 0 54 0 55 0 68 
Case 135
7 3 4 4 5 5 9 9 11 11 7 15 4 16 5 17 4 24 5 25 0 30 0 31 0 35 0 37 0 41 0 53 0 54 0 55 
Case 136
7 3 4 4 5 5 9 9 11 11 7 15 4 16 5 17 4 24 5 25 0 30 0 31 0 35 0 37 0 41 0 54 0 55 0 61 
Case 137
7 3 4 4 5 5 9 9 11 11 7 15 4 16 5 17 4 24 5 25 0 30 0 31 0 35 0 37 0 41 0 54 0 55 0 69 
Case 138
7 3 4 4 5 5 9 9 11 11 4 16 5 17 7 18 4 24 5 25 0 30 0 31 0 35 0 37 0 41 0 54 0 55 0 56 
Case 139
7 3 4 4 5 5 9 9 11 11 4 16 5 17 7 18 4 24 5 25 0 30 0 31 0 35 0 37 0 41 0 54 0 55 0 64 
Case 140
7 3 4 4 5 5 9 9 11 11 4 16 5 17 7 18 4 24 5 25 0 30 0 31 0 35 0 37 0 41 0 54 0 55 0 72 
Case 141
7 3 4 4 5 5 9 9 11 11 4 16 5 17 7 19 4 24 5 25 0 30 0 31 0 35 0 37 0 41 0 54 0 55 0 57 
Case 142
7 3 4 4 5 5 9 9 11 11 4 16 5 17 7 19 4 24 5 25 0 30 0 31 0 35 0 37 0 41 0 54 0 55 0 65 
Case 143
7 3 4 4 5 5 9 9 11 11 4 16 5 17 7 19 4 24 5 25 0 30 0 31 0 35 0 37 0 41 0 54 0 55 0 73 
Case 144
4 4 5 5 7 6 9 9 11 11 7 12 4 16 5 17 4 24 5 25 0 30 0 31 0 32 0 35 0 37 0 50 0 54 0 55 
Case 145
4 4 5 5 7 6 9 9 11 11 7 12 4 16 5 17 4 24 5 25 0 30 0 31 0 32 0 35 0 37 0 54 0 55 0 58 
Case 146
4 4 5 5 7 6 9 9 11 11 7 12 4 16 5 17 4 24 5 25 0 30 0 31 0 32 0 35 0 37 0 54 0 55 0 66 
Case 147
4 4 5 5 7 6 9 9 11 11 7 13 4 16 5 17 4 24 5 25 0 30 0 31 0 32 0 35 0 37 0 51 0 54 0 55 
Case 148
4 4 5 5 7 6 9 9 11 11 7 13 4 16 5 17 4 24 5 25 0 30 0 31 0 32 0 35 0 37 0 54 0 55 0 59 
Case 149
4 4 5 5 7 6 9 9 11 11 7 13 4 16 5 17 4 24 5 25 0 30 0 31 0 32 0 35 0 37 0 54 0 55 0 67 
Case 150
4 4 5 5 7 6 9 9 11 11 7 14 4 16 5 17 4 24 5 25 0 30 0 31 0 32 0 35 0 37 0 52 0 54 0 55 
Case 151
4 4 5 5 7 6 9 9 11 11 7 14 4 16 5 17 4 24 5 25 0 30 0 31 0 32 0 35 0 37 0 54 0 55 0 60 
Case 152
4 4 5 5 7 6 9 9 11 11 7 14 4 16 5 17 4 24 5 25 0 30 0 31 0 32 0 35 0 37 0 54 0 55 0 68 
Case 153
4 4 5 5 7 6 9 9 11 11 7 15 4 16 5 17 4 24 5 25 0 30 0 31 0 32 0 35 0 37 0 53 0 54 0 55 
Case 154
4 4 5 5 7 6 9 9 11 11 7 15 4 16 5 17 4 24 5 25 0 30 0 31 0 32 0 35 0 37 0 54 0 55 0 61 
Case 155
4 4 5 5 7 6 9 9 11 11 7 15 4 16 5 17 4 24 5 25 0 30 0 31 0 32 0 35 0 37 0 54 0 55 0 69 
Case 156
4 4 5 5 7 6 9 9 11 11 4 16 5 17 7 18 4 24 5 25 0 30 0 31 0 32 0 35 0 37 0 54 0 55 0 56 
Case 157
4 4 5 5 7 6 9 9 11 11 4 16 5 17 7 18 4 24 5 25 0 30 0 31 0 32 0 35 0 37 0 54 0 55 0 64 
Case 158
4 4 5 5 7 6 9 9 11 11 4 16 5 17 7 18 4 24 5 25 0 30 0 31 0 32 0 35 0 37 0 54 0 55 0 72 
Case 159
4 4 5 5 7 6 9 9 11 11 4 16 5 17 7 19 4 24 5 25 0 30 0 31 0 32 0 35 0 37 0 54 0 55 0 57 
Case 160
4 4 5 5 7 6 9 9 11 11 4 16 5 17 7 19 4 24 5 25 0 30 0 31 0 32 0 35 0 37 0 54 0 55 0 65 
Case 161
4 4 5 5 7 6 9 9 11 11 4 16 5 17 7 19 4 24 5 25 0 30 0 31 0 32 0 35 0 37 0 54 0 55 0 73 
Case 162
4 4 5 5 7 6 9 9 11 11 7 12 4 16 5 17 4 24 5 25 0 30 0 31 0 35 0 37 0 44 0 50 0 54 0 55 
Case 163
4 4 5 5 7 6 9 9 11 11 7 12 4 16 5 17 4 24 5 25 0 30 0 31 0 35 0 37 0 44 0 54 0 55 0 58 
Case 164
4 4 5 5 7 6 9 9 11 11 7 12 4 16 5 17 4 24 5 25 0 30 0 31 0 35 0 37 0 44 0 54 0 55 0 66 
Case 165
4 4 5 5 7 6 9 9 11 11 7 13 4 16 5 17 4 24 5 25 0 30 0 31 0 35 0 37 0 44 0 51 0 54 0 55 
Case 166
4 4 5 5 7 6 9 9 11 11 7 13 4 16 5 17 4 24 5 25 0 30 0 31 0 35 0 37 0 44 0 54 0 55 0 59 
Case 167
4 4 5 5 7 6 9 9 11 11 7 13 4 16 5 17 4 24 5 25 0 30 0 31 0 35 0 37 0 44 0 54 0 55 0 67 
Case 168
4 4 5 5 7 6 9 9 11 11 7 14 4 16 5 17 4 24 5 25 0 30 0 31 0 35 0 37 0 44 0 52 0 54 0 55 
Case 169
4 4 5 5 7 6 9 9 11 11 7 14 4 16 5 17 4 24 5 25 0 30 0 31 0 35 0 37 0 44 0 54 0 55 0 60 
Case 170
4 4 5 5 7 6 9 9 11 11 7 14 4 16 5 17 4 24 5 25 0 30 0 31 0 35 0 37 0 44 0 54 0 55 0 68 
Case 171
4 4 5 5 7 6 9 9 11 11 7 15 4 16 5 17 4 24 5 25 0 30 0 31 0 35 0 37 0 44 0 53 0 54 0 55 
Case 172
4 4 5 5 7 6 9 9 11 11 7 15 4 16 5 17 4 24 5 25 0 30 0 31 0 35 0 37 0 44 0 54 0 55 0 61 
Case 173
4 4 5 5 7 6 9 9 11 11 7 15 4 16 5 17 4 24 5 25 0 30 0 31 0 35 0 37 0 44 0 54 0 55 0 69 
Case 174
4 4 5 5 7 6 9 9 11 11 4 16 5 17 7 18 4 24 5 25 0 30 0 31 0 35 0 37 0 44 0 54 0 55 0 56 
Case 175
4 4 5 5 7 6 9 9 11 11 4 16 5 17 7 18 4 24 5 25 0 30 0 31 0 35 0 37 0 44 0 54 0 55 0 64 
Case 176
4 4 5 5 7 6 9 9 11 11 4 16 5 17 7 18 4 24 5 25 0 30 0 31 0 35 0 37 0 44 0 54 0 55 0 72 
Case 177
4 4 5 5 7 6 9 9 11 11 4 16 5 17 7 19 4 24 5 25 0 30 0 31 0 35 0 37 0 44 0 54 0 55 0 57 
Case 178
4 4 5 5 7 6 9 9 11 11 4 16 5 17 7 19 4 24 5 25 0 30 0 31 0 35 0 37 0 44 0 54 0 55 0 65 
Case 179
4 4 5 5 7 6 9 9 11 11 4 16 5 17 7 19 4 24 5 25 0 30 0 31 0 35 0 37 0 44 0 54 0 55 0 73 
Case 180
4 4 5 5 7 7 9 9 11 11 7 12 4 16 5 17 4 24 5 25 0 30 0 31 0 33 0 35 0 37 0 50 0 54 0 55 
Case 181
4 4 5 5 7 7 9 9 11 11 7 12 4 16 5 17 4 24 5 25 0 30 0 31 0 33 0 35 0 37 0 54 0 55 0 58 
Case 182
4 4 5 5 7 7 9 9 11 11 7 12 4 16 5 17 4 24 5 25 0 30 0 31 0 33 0 35 0 37 0 54 0 55 0 66 
Case 183
4 4 5 5 7 7 9 9 11 11 7 13 4 16 5 17 4 24 5 25 0 30 0 31 0 33 0 35 0 37 0 51 0 54 0 55 
Case 184
4 4 5 5 7 7 9 9 11 11 7 13 4 16 5 17 4 24 5 25 0 30 0 31 0 33 0 35 0 37 0 54 0 55 0 59 
Case 185
4 4 5 5 7 7 9 9 11 11 7 13 4 16 5 17 4 24 5 25 0 30 0 31 0 33 0 35 0 37 0 54 0 55 0 67 
Case 186
4 4 5 5 7 7 9 9 11 11 7 14 4 16 5 17 4 24 5 25 0 30 0 31 0 33 0 35 0 37 0 52 0 54 0 55 
Case 187
4 4 5 5 7 7 9 9 11 11 7 14 4 16 5 17 4 24 5 25 0 30 0 31 0 33 0 35 0 37 0 54 0 55 0 60 
Case 188
4 4 5 5 7 7 9 9 11 11 7 14 4 16 5 17 4 24 5 25 0 30 0 31 0 33 0 35 0 37 0 54 0 55 0 68 
Case 189
4 4 5 5 7 7 9 9 11 11 7 15 4 16 5 17 4 24 5 25 0 30 0 31 0 33 0 35 0 37 0 53 0 54 0 55 
Case 190
4 4 5 5 7 7 9 9 11 11 7 15 4 16 5 17 4 24 5 25 0 30 0 31 0 33 0 35 0 37 0 54 0 55 0 61 
Case 191
4 4 5 5 7 7 9 9 11 11 7 15 4 16 5 17 4 24 5 25 0 30 0 31 0 33 0 35 0 37 0 54 0 55 0 69 
Case 192
4 4 5 5 7 7 9 9 11 11 4 16 5 17 7 18 4 24 5 25 0 30 0 31 0 33 0 35 0 37 0 54 0 55 0 56 
Case 193
4 4 5 5 7 7 9 9 11 11 4 16 5 17 7 18 4 24 5 25 0 30 0 31 0 33 0 35 0 37 0 54 0 55 0 64 
Case 194
4 4 5 5 7 7 9 9 11 11 4 16 5 17 7 18 4 24 5 25 0 30 0 31 0 33 0 35 0 37 0 54 0 55 0 72 
Case 195
4 4 5 5 7 7 9 9 11 11 4 16 5 17 7 19 4 24 5 25 0 30 0 31 0 33 0 35 0 37 0 54 0 55 0 57 
Case 196
4 4 5 5 7 7 9 9 11 11 4 16 5 17 7 19 4 24 5 25 0 30 0 31 0 33 0 35 0 37 0 54 0 55 0 65 
Case 197
4 4 5 5 7 7 9 9 11 11 4 16 5 17 7 19 4 24 5 25 0 30 0 31 0 33 0 35 0 37 0 54 0 55 0 73 
Case 198
4 4 5 5 7 7 9 9 11 11 7 12 4 16 5 17 4 24 5 25 0 30 0 31 0 35 0 37 0 45 0 50 0 54 0 55 
Case 199
4 4 5 5 7 7 9 9 11 11 7 12 4 16 5 17 4 24 5 25 0 30 0 31 0 35 0 37 0 45 0 54 0 55 0 58 
Case 200
4 4 5 5 7 7 9 9 11 11 7 12 4 16 5 17 4 24 5 25 0 30 0 31 0 35 0 37 0 45 0 54 0 55 0 66 
Case 201
4 4 5 5 7 7 9 9 11 11 7 13 4 16 5 17 4 24 5 25 0 30 0 31 0 35 0 37 0 45 0 51 0 54 0 55 
Case 202
4 4 5 5 7 7 9 9 11 11 7 13 4 16 5 17 4 24 5 25 0 30 0 31 0 35 0 37 0 45 0 54 0 55 0 59 
Case 203
4 4 5 5 7 7 9 9 11 11 7 13 4 16 5 17 4 24 5 25 0 30 0 31 0 35 0 37 0 45 0 54 0 55 0 67 
Case 204
4 4 5 5 7 7 9 9 11 11 7 14 4 16 5 17 4 24 5 25 0 30 0 31 0 35 0 37 0 45 0 52 0 54 0 55 
Case 205
4 4 5 5 7 7 9 9 11 11 7 14 4 16 5 17 4 24 5 25 0 30 0 31 0 35 0 37 0 45 0 54 0 55 0 60 
Case 206
4 4 5 5 7 7 9 9 11 11 7 14 4 16 5 17 4 24 5 25 0 30 0 31 0 35 0 37 0 45 0 54 0 55 0 68 
Case 207
4 4 5 5 7 7 9 9 11 11 7 15 4 16 5 17 4 24 5 25 0 30 0 31 0 35 0 37 0 45 0 53 0 54 0 55 
Case 208
4 4 5 5 7 7 9 9 11 11 7 15 4 16 5 17 4 24 5 25 0 30 0 31 0 35 0 37 0 45 0 54 0 55 0 61 
Case 209
4 4 5 5 7 7 9 9 11 11 7 15 4 16 5 17 4 24 5 25 0 30 0 31 0 35 0 37 0 45 0 54 0 55 0 69 
Case 210
4 4 5 5 7 7 9 9 11 11 4 16 5 17 7 18 4 24 5 25 0 30 0 31 0 35 0 37 0 45 0 54 0 55 0 56 
Case 211
4 4 5 5 7 7 9 9 11 11 4 16 5 17 7 18 4 24 5 25 0 30 0 31 0 35 0 37 0 45 0 54 0 55 0 64 
Case 212
4 4 5 5 7 7 9 9 11 11 4 16 5 17 7 18 4 24 5 25 0 30 0 31 0 35 0 37 0 45 0 54 0 55 0 72 
Case 213
4 4 5 5 7 7 9 9 11 11 4 16 5 17 7 19 4 24 5 25 0 30 0 31 0 35 0 37 0 45 0 54 0 55 0 57 
Case 214
4 4 5 5 7 7 9 9 11 11 4 16 5 17 7 19 4 24 5 25 0 30 0 31 0 35 0 37 0 45 0 54 0 55 0 65 
Case 215
4 4 5 5 7 7 9 9 11 11 4 16 5 17 7 19 4 24 5 25 0 30 0 31 0 35 0 37 0 45 0 54 0 55 0 73 
Case 216
4 4 5 5 7 8 9 9 11 11 7 12 4 16 5 17 4 24 5 25 0 30 0 31 0 34 0 35 0 37 0 50 0 54 0 55 
Case 217
4 4 5 5 7 8 9 9 11 11 7 12 4 16 5 17 4 24 5 25 0 30 0 31 0 34 0 35 0 37 0 54 0 55 0 58 
Case 218
4 4 5 5 7 8 9 9 11 11 7 12 4 16 5 17 4 24 5 25 0 30 0 31 0 34 0 35 0 37 0 54 0 55 0 66 
Case 219
4 4 5 5 7 8 9 9 11 11 7 13 4 16 5 17 4 24 5 25 0 30 0 31 0 34 0 35 0 37 0 51 0 54 0 55 
Case 220
4 4 5 5 7 8 9 9 11 11 7 13 4 16 5 17 4 24 5 25 0 30 0 31 0 34 0 35 0 37 0 54 0 55 0 59 
Case 221
4 4 5 5 7 8 9 9 11 11 7 13 4 16 5 17 4 24 5 25 0 30 0 31 0 34 0 35 0 37 0 54 0 55 0 67 
Case 222
4 4 5 5 7 8 9 9 11 11 7 14 4 16 5 17 4 24 5 25 0 30 0 31 0 34 0 35 0 37 0 52 0 54 0 55 
Case 223
4 4 5 5 7 8 9 9 11 11 7 14 4 16 5 17 4 24 5 25 0 30 0 31 0 34 0 35 0 37 0 54 0 55 0 60 
Case 224
4 4 5 5 7 8 9 9 11 11 7 14 4 16 5 17 4 24 5 25 0 30 0 31 0 34 0 35 0 37 0 54 0 55 0 68 
Case 225
4 4 5 5 7 8 9 9 11 11 7 15 4 16 5 17 4 24 5 25 0 30 0 31 0 34 0 35 0 37 0 53 0 54 0 55 
Case 226
4 4 5 5 7 8 9 9 11 11 7 15 4 16 5 17 4 24 5 25 0 30 0 31 0 34 0 35 0 37 0 54 0 55 0 61 
Case 227
4 4 5 5 7 8 9 9 11 11 7 15 4 16 5 17 4 24 5 25 0 30 0 31 0 34 0 35 0 37 0 54 0 55 0 69 
Case 228
4 4 5 5 7 8 9 9 11 11 4 16 5 17 7 18 4 24 5 25 0 30 0 31 0 34 0 35 0 37 0 54 0 55 0 56 
Case 229
4 4 5 5 7 8 9 9 11 11 4 16 5 17 7 18 4 24 5 25 0 30 0 31 0 34 0 35 0 37 0 54 0 55 0 64 
Case 230
4 4 5 5 7 8 9 9 11 11 4 16 5 17 7 18 4 24 5 25 0 30 0 31 0 34 0 35 0 37 0 54 0 55 0 72 
Case 231
4 4 5 5 7 8 9 9 11 11 4 16 5 17 7 19 4 24 5 25 0 30 0 31 0 34 0 35 0 37 0 54 0 55 0 57 
Case 232
4 4 5 5 7 8 9 9 11 11 4 16 5 17 7 19 4 24 5 25 0 30 0 31 0 34 0 35 0 37 0 54 0 55 0 65 
Case 233
4 4 5 5 7 8 9 9 11 11 4 16 5 17 7 19 4 24 5 25 0 30 0 31 0 34 0 35 0 37 0 54 0 55 0 73 
Case 234
4 4 5 5 7 8 9 9 11 11 7 12 4 16 5 17 4 24 5 25 0 30 0 31 0 35 0 37 0 46 0 50 0 54 0 55 
Case 235
4 4 5 5 7 8 9 9 11 11 7 12 4 16 5 17 4 24 5 25 0 30 0 31 0 35 0 37 0 46 0 54 0 55 0 58 
Case 236
4 4 5 5 7 8 9 9 11 11 7 12 4 16 5 17 4 24 5 25 0 30 0 31 0 35 0 37 0 46 0 54 0 55 0 66 
Case 237
4 4 5 5 7 8 9 9 11 11 7 13 4 16 5 17 4 24 5 25 0 30 0 31 0 35 0 37 0 46 0 51 0 54 0 55 
Case 238
4 4 5 5 7 8 9 9 11 11 7 13 4 16 5 17 4 24 5 25 0 30 0 31 0 35 0 37 0 46 0 54 0 55 0 59 
Case 239
4 4 5 5 7 8 9 9 11 11 7 13 4 16 5 17 4 24 5 25 0 30 0 31 0 35 0 37 0 46 0 54 0 55 0 67 
Case 240
4 4 5 5 7 8 9 9 11 11 7 14 4 16 5 17 4 24 5 25 0 30 0 31 0 35 0 37 0 46 0 52 0 54 0 55 
Case 241
4 4 5 5 7 8 9 9 11 11 7 14 4 16 5 17 4 24 5 25 0 30 0 31 0 35 0 37 0 46 0 54 0 55 0 60 
Case 242
4 4 5 5 7 8 9 9 11 11 7 14 4 16 5 17 4 24 5 25 0 30 0 31 0 35 0 37 0 46 0 54 0 55 0 68 
Case 243
4 4 5 5 7 8 9 9 11 11 7 15 4 16 5 17 4 24 5 25 0 30 0 31 0 35 0 37 0 46 0 53 0 54 0 55 
Case 244
4 4 5 5 7 8 9 9 11 11 7 15 4 16 5 17 4 24 5 25 0 30 0 31 0 35 0 37 0 46 0 54 0 55 0 61 
Case 245
4 4 5 5 7 8 9 9 11 11 7 15 4 16 5 17 4 24 5 25 0 30 0 31 0 35 0 37 0 46 0 54 0 55 0 69 
Case 246
4 4 5 5 7 8 9 9 11 11 4 16 5 17 7 18 4 24 5 25 0 30 0 31 0 35 0 37 0 46 0 54 0 55 0 56 
Case 247
4 4 5 5 7 8 9 9 11 11 4 16 5 17 7 18 4 24 5 25 0 30 0 31 0 35 0 37 0 46 0 54 0 55 0 64 
Case 248
4 4 5 5 7 8 9 9 11 11 4 16 5 17 7 18 4 24 5 25 0 30 0 31 0 35 0 37 0 46 0 54 0 55 0 72 
Case 249
4 4 5 5 7 8 9 9 11 11 4 16 5 17 7 19 4 24 5 25 0 30 0 31 0 35 0 37 0 46 0 54 0 55 0 57 
Case 250
4 4 5 5 7 8 9 9 11 11 4 16 5 17 7 19 4 24 5 25 0 30 0 31 0 35 0 37 0 46 0 54 0 55 0 65 
Case 251
4 4 5 5 7 8 9 9 11 11 4 16 5 17 7 19 4 24 5 25 0 30 0 31 0 35 0 37 0 46 0 54 0 55 0 73 
Case 252
4 4 5 5 9 9 7 10 11 11 7 12 4 16 5 17 4 24 5 25 0 30 0 31 0 35 0 36 0 37 0 50 0 54 0 55 
Case 253
4 4 5 5 9 9 7 10 11 11 7 12 4 16 5 17 4 24 5 25 0 30 0 31 0 35 0 36 0 37 0 54 0 55 0 58 
Case 254
4 4 5 5 9 9 7 10 11 11 7 12 4 16 5 17 4 24 5 25 0 30 0 31 0 35 0 36 0 37 0 54 0 55 0 66 
Case 255
4 4 5 5 9 9 7 10 11 11 7 13 4 16 5 17 4 24 5 25 0 30 0 31 0 35 0 36 0 37 0 51 0 54 0 55 
Case 256
4 4 5 5 9 9 7 10 11 11 7 13 4 16 5 17 4 24 5 25 0 30 0 31 0 35 0 36 0 37 0 54 0 55 0 59 
Case 257
4 4 5 5 9 9 7 10 11 11 7 13 4 16 5 17 4 24 5 25 0 30 0 31 0 35 0 36 0 37 0 54 0 55 0 67 
Case 258
4 4 5 5 9 9 7 10 11 11 7 14 4 16 5 17 4 24 5 25 0 30 0 31 0 35 0 36 0 37 0 52 0 54 0 55 
Case 259
4 4 5 5 9 9 7 10 11 11 7 14 4 16 5 17 4 24 5 25 0 30 0 31 0 35 0 36 0 37 0 54 0 55 0 60 
Case 260
4 4 5 5 9 9 7 10 11 11 7 14 4 16 5 17 4 24 5 25 0 30 0 31 0 35 0 36 0 37 0 54 0 55 0 68 
Case 261
4 4 5 5 9 9 7 10 11 11 7 15 4 16 5 17 4 24 5 25 0 30 0 31 0 35 0 36 0 37 0 53 0 54 0 55 
Case 262
4 4 5 5 9 9 7 10 11 11 7 15 4 16 5 17 4 24 5 25 0 30 0 31 0 35 0 36 0 37 0 54 0 55 0 61 
Case 263
4 4 5 5 9 9 7 10 11 11 7 15 4 16 5 17 4 24 5 25 0 30 0 31 0 35 0 36 0 37 0 54 0 55 0 69 
Case 264
4 4 5 5 9 9 7 10 11 11 4 16 5 17 7 18 4 24 5 25 0 30 0 31 0 35 0 36 0 37 0 54 0 55 0 56 
Case 265
4 4 5 5 9 9 7 10 11 11 4 16 5 17 7 18 4 24 5 25 0 30 0 31 0 35 0 36 0 37 0 54 0 55 0 64 
Case 266
4 4 5 5 9 9 7 10 11 11 4 16 5 17 7 18 4 24 5 25 0 30 0 31 0 35 0 36 0 37 0 54 0 55 0 72 
Case 267
4 4 5 5 9 9 7 10 11 11 4 16 5 17 7 19 4 24 5 25 0 30 0 31 0 35 0 36 0 37 0 54 0 55 0 57 
Case 268
4 4 5 5 9 9 7 10 11 11 4 16 5 17 7 19 4 24 5 25 0 30 0 31 0 35 0 36 0 37 0 54 0 55 0 65 
Case 269
4 4 5 5 9 9 7 10 11 11 4 16 5 17 7 19 4 24 5 25 0 30 0 31 0 35 0 36 0 37 0 54 0 55 0 73 
Case 270
4 4 5 5 9 9 7 10 11 11 7 12 4 16 5 17 4 24 5 25 0 30 0 31 0 35 0 37 0 48 0 50 0 54 0 55 
Case 271
4 4 5 5 9 9 7 10 11 11 7 12 4 16 5 17 4 24 5 25 0 30 0 31 0 35 0 37 0 48 0 54 0 55 0 58 
Case 272
4 4 5 5 9 9 7 10 11 11 7 12 4 16 5 17 4 24 5 25 0 30 0 31 0 35 0 37 0 48 0 54 0 55 0 66 
Case 273
4 4 5 5 9 9 7 10 11 11 7 13 4 16 5 17 4 24 5 25 0 30 0 31 0 35 0 37 0 48 0 51 0 54 0 55 
Case 274
4 4 5 5 9 9 7 10 11 11 7 13 4 16 5 17 4 24 5 25 0 30 0 31 0 35 0 37 0 48 0 54 0 55 0 59 
Case 275
4 4 5 5 9 9 7 10 11 11 7 13 4 16 5 17 4 24 5 25 0 30 0 31 0 35 0 37 0 48 0 54 0 55 0 67 
Case 276
4 4 5 5 9 9 7 10 11 11 7 14 4 16 5 17 4 24 5 25 0 30 0 31 0 35 0 37 0 48 0 52 0 54 0 55 
Case 277
4 4 5 5 9 9 7 10 11 11 7 14 4 16 5 17 4 24 5 25 0 30 0 31 0 35 0 37 0 48 0 54 0 55 0 60 
Case 278
4 4 5 5 9 9 7 10 11 11 7 14 4 16 5 17 4 24 5 25 0 30 0 31 0 35 0 37 0 48 0 54 0 55 0 68 
Case 279
4 4 5 5 9 9 7 10 11 11 7 15 4 16 5 17 4 24 5 25 0 30 0 31 0 35 0 37 0 48 0 53 0 54 0 55 
Case 280
4 4 5 5 9 9 7 10 11 11 7 15 4 16 5 17 4 24 5 25 0 30 0 31 0 35 0 37 0 48 0 54 0 55 0 61 
Case 281
4 4 5 5 9 9 7 10 11 11 7 15 4 16 5 17 4 24 5 25 0 30 0 31 0 35 0 37 0 48 0 54 0 55 0 69 
Case 282
4 4 5 5 9 9 7 10 11 11 4 16 5 17 7 18 4 24 5 25 0 30 0 31 0 35 0 37 0 48 0 54 0 55 0 56 
Case 283
4 4 5 5 9 9 7 10 11 11 4 16 5 17 7 18 4 24 5 25 0 30 0 31 0 35 0 37 0 48 0 54 0 55 0 64 
Case 284
4 4 5 5 9 9 7 10 11 11 4 16 5 17 7 18 4 24 5 25 0 30 0 31 0 35 0 37 0 48 0 54 0 55 0 72 
Case 285
4 4 5 5 9 9 7 10 11 11 4 16 5 17 7 19 4 24 5 25 0 30 0 31 0 35 0 37 0 48 0 54 0 55 0 57 
Case 286
4 4 5 5 9 9 7 10 11 11 4 16 5 17 7 19 4 24 5 25 0 30 0 31 0 35 0 37 0 48 0 54 0 55 0 65 
Case 287
4 4 5 5 9 9 7 10 11 11 4 16 5 17 7 19 4 24 5 25 0 30 0 31 0 35 0 37 0 48 0 54 0 55 0 73 
