Case 0
11 0 4 4 5 5 9 9 4 16 5 17 4 24 5 25 0 26 0 30 0 31 0 35 0 54 0 55 
Case 1
11 0 4 4 5 5 9 9 4 16 5 17 4 24 5 25 0 30 0 31 0 35 0 38 0 54 0 55 
Case 2
11 1 4 4 5 5 9 9 4 16 5 17 4 24 5 25 0 27 0 30 0 31 0 35 0 54 0 55 
Case 3
11 1 4 4 5 5 9 9 4 16 5 17 4 24 5 25 0 30 0 31 0 35 0 39 0 54 0 55 
Case 4
11 2 4 4 5 5 9 9 4 16 5 17 4 24 5 25 0 28 0 30 0 31 0 35 0 54 0 55 
Case 5
11 2 4 4 5 5 9 9 4 16 5 17 4 24 5 25 0 30 0 31 0 35 0 40 0 54 0 55 
Case 6
11 3 4 4 5 5 9 9 4 16 5 17 4 24 5 25 0 29 0 30 0 31 0 35 0 54 0 55 
Case 7
11 3 4 4 5 5 9 9 4 16 5 17 4 24 5 25 0 30 0 31 0 35 0 41 0 54 0 55 
Case 8
4 4 5 5 11 6 9 9 4 16 5 17 4 24 5 25 0 30 0 31 0 32 0 35 0 54 0 55 
Case 9
4 4 5 5 11 6 9 9 4 16 5 17 4 24 5 25 0 30 0 31 0 35 0 44 0 54 0 55 
Case 10
4 4 5 5 11 7 9 9 4 16 5 17 4 24 5 25 0 30 0 31 0 33 0 35 0 54 0 55 
Case 11
4 4 5 5 11 7 9 9 4 16 5 17 4 24 5 25 0 30 0 31 0 35 0 45 0 54 0 55 
Case 12
4 4 5 5 11 8 9 9 4 16 5 17 4 24 5 25 0 30 0 31 0 34 0 35 0 54 0 55 
Case 13
4 4 5 5 11 8 9 9 4 16 5 17 4 24 5 25 0 30 0 31 0 35 0 46 0 54 0 55 
Case 14
4 4 5 5 9 9 11 10 4 16 5 17 4 24 5 25 0 30 0 31 0 35 0 36 0 54 0 55 
Case 15
4 4 5 5 9 9 11 10 4 16 5 17 4 24 5 25 0 30 0 31 0 35 0 48 0 54 0 55 
Case 16
4 4 5 5 9 9 11 11 4 16 5 17 4 24 5 25 0 30 0 31 0 35 0 37 0 54 0 55 
Case 17
4 4 5 5 9 9 11 11 4 16 5 17 4 24 5 25 0 30 0 31 0 35 0 49 0 54 0 55 
