Case 0
0 0 1 1 2 2 3 3 4 4 5 5 6 6 7 7 8 8 9 9 10 10 11 11 0 12 1 13 2 14 3 15 4 16 5 17 6 18 7 19 0 20 1 21 2 22 3 23 4 24 5 25 0 26 0 27 0 28 0 29 0 30 0 31 0 32 0 33 0 34 0 35 0 36 0 37 0 50 0 51 0 52 0 53 0 54 0 55 0 56 0 57 
Case 1
0 0 1 1 10 2 3 3 4 4 5 5 6 6 7 7 2 8 9 9 8 10 11 11 0 12 1 13 2 14 3 15 4 16 5 17 6 18 7 19 0 20 1 21 2 22 3 23 4 24 5 25 0 26 0 27 0 28 0 29 0 30 0 31 0 32 0 33 0 34 0 35 0 36 0 37 0 50 0 51 0 52 0 53 0 54 0 55 0 56 0 57 
Case 2
0 0 1 1 8 2 3 3 4 4 5 5 6 6 7 7 10 8 9 9 2 10 11 11 0 12 1 13 2 14 3 15 4 16 5 17 6 18 7 19 0 20 1 21 2 22 3 23 4 24 5 25 0 26 0 27 0 28 0 29 0 30 0 31 0 32 0 33 0 34 0 35 0 36 0 37 0 50 0 51 0 52 0 53 0 54 0 55 0 56 0 57 
Case 3
2 0 1 1 0 2 3 3 4 4 5 5 6 6 7 7 10 8 9 9 8 10 11 11 0 12 1 13 2 14 3 15 4 16 5 17 6 18 7 19 0 20 1 21 2 22 3 23 4 24 5 25 0 26 0 27 0 28 0 29 0 30 0 31 0 32 0 33 0 34 0 35 0 36 0 37 0 50 0 51 0 52 0 53 0 54 0 55 0 56 0 57 
Case 4
8 0 1 1 0 2 3 3 4 4 5 5 6 6 7 7 2 8 9 9 10 10 11 11 0 12 1 13 2 14 3 15 4 16 5 17 6 18 7 19 0 20 1 21 2 22 3 23 4 24 5 25 0 26 0 27 0 28 0 29 0 30 0 31 0 32 0 33 0 34 0 35 0 36 0 37 0 50 0 51 0 52 0 53 0 54 0 55 0 56 0 57 
Case 5
10 0 1 1 0 2 3 3 4 4 5 5 6 6 7 7 8 8 9 9 2 10 11 11 0 12 1 13 2 14 3 15 4 16 5 17 6 18 7 19 0 20 1 21 2 22 3 23 4 24 5 25 0 26 0 27 0 28 0 29 0 30 0 31 0 32 0 33 0 34 0 35 0 36 0 37 0 50 0 51 0 52 0 53 0 54 0 55 0 56 0 57 
Case 6
2 0 1 1 8 2 3 3 4 4 5 5 6 6 7 7 0 8 9 9 10 10 11 11 0 12 1 13 2 14 3 15 4 16 5 17 6 18 7 19 0 20 1 21 2 22 3 23 4 24 5 25 0 26 0 27 0 28 0 29 0 30 0 31 0 32 0 33 0 34 0 35 0 36 0 37 0 50 0 51 0 52 0 53 0 54 0 55 0 56 0 57 
Case 7
10 0 1 1 2 2 3 3 4 4 5 5 6 6 7 7 0 8 9 9 8 10 11 11 0 12 1 13 2 14 3 15 4 16 5 17 6 18 7 19 0 20 1 21 2 22 3 23 4 24 5 25 0 26 0 27 0 28 0 29 0 30 0 31 0 32 0 33 0 34 0 35 0 36 0 37 0 50 0 51 0 52 0 53 0 54 0 55 0 56 0 57 
Case 8
8 0 1 1 10 2 3 3 4 4 5 5 6 6 7 7 0 8 9 9 2 10 11 11 0 12 1 13 2 14 3 15 4 16 5 17 6 18 7 19 0 20 1 21 2 22 3 23 4 24 5 25 0 26 0 27 0 28 0 29 0 30 0 31 0 32 0 33 0 34 0 35 0 36 0 37 0 50 0 51 0 52 0 53 0 54 0 55 0 56 0 57 
Case 9
2 0 1 1 10 2 3 3 4 4 5 5 6 6 7 7 8 8 9 9 0 10 11 11 0 12 1 13 2 14 3 15 4 16 5 17 6 18 7 19 0 20 1 21 2 22 3 23 4 24 5 25 0 26 0 27 0 28 0 29 0 30 0 31 0 32 0 33 0 34 0 35 0 36 0 37 0 50 0 51 0 52 0 53 0 54 0 55 0 56 0 57 
Case 10
8 0 1 1 2 2 3 3 4 4 5 5 6 6 7 7 10 8 9 9 0 10 11 11 0 12 1 13 2 14 3 15 4 16 5 17 6 18 7 19 0 20 1 21 2 22 3 23 4 24 5 25 0 26 0 27 0 28 0 29 0 30 0 31 0 32 0 33 0 34 0 35 0 36 0 37 0 50 0 51 0 52 0 53 0 54 0 55 0 56 0 57 
Case 11
10 0 1 1 8 2 3 3 4 4 5 5 6 6 7 7 2 8 9 9 0 10 11 11 0 12 1 13 2 14 3 15 4 16 5 17 6 18 7 19 0 20 1 21 2 22 3 23 4 24 5 25 0 26 0 27 0 28 0 29 0 30 0 31 0 32 0 33 0 34 0 35 0 36 0 37 0 50 0 51 0 52 0 53 0 54 0 55 0 56 0 57 
