Case 0
5 0 9 9 4 20 5 21 0 35 
Case 1
5 0 9 9 5 20 4 21 0 35 
Case 2
5 0 9 9 4 22 5 23 0 35 
Case 3
5 0 9 9 5 22 4 23 0 35 
Case 4
5 0 9 9 4 24 5 25 0 35 
Case 5
5 0 9 9 5 24 4 25 0 35 
Case 6
5 1 9 9 4 20 5 21 0 35 
Case 7
5 1 9 9 5 20 4 21 0 35 
Case 8
5 1 9 9 4 22 5 23 0 35 
Case 9
5 1 9 9 5 22 4 23 0 35 
Case 10
5 1 9 9 4 24 5 25 0 35 
Case 11
5 1 9 9 5 24 4 25 0 35 
Case 12
5 2 9 9 4 20 5 21 0 35 
Case 13
5 2 9 9 5 20 4 21 0 35 
Case 14
5 2 9 9 4 22 5 23 0 35 
Case 15
5 2 9 9 5 22 4 23 0 35 
Case 16
5 2 9 9 4 24 5 25 0 35 
Case 17
5 2 9 9 5 24 4 25 0 35 
Case 18
5 3 9 9 4 20 5 21 0 35 
Case 19
5 3 9 9 5 20 4 21 0 35 
Case 20
5 3 9 9 4 22 5 23 0 35 
Case 21
5 3 9 9 5 22 4 23 0 35 
Case 22
5 3 9 9 4 24 5 25 0 35 
Case 23
5 3 9 9 5 24 4 25 0 35 
Case 24
5 4 9 9 4 20 5 21 0 35 
Case 25
5 4 9 9 5 20 4 21 0 35 
Case 26
5 4 9 9 4 22 5 23 0 35 
Case 27
5 4 9 9 5 22 4 23 0 35 
Case 28
5 4 9 9 4 24 5 25 0 35 
Case 29
5 4 9 9 5 24 4 25 0 35 
Case 30
5 5 9 9 4 20 5 21 0 35 
Case 31
5 5 9 9 5 20 4 21 0 35 
Case 32
5 5 9 9 4 22 5 23 0 35 
Case 33
5 5 9 9 5 22 4 23 0 35 
Case 34
5 5 9 9 4 24 5 25 0 35 
Case 35
5 5 9 9 5 24 4 25 0 35 
Case 36
5 6 9 9 4 20 5 21 0 35 
Case 37
5 6 9 9 5 20 4 21 0 35 
Case 38
5 6 9 9 4 22 5 23 0 35 
Case 39
5 6 9 9 5 22 4 23 0 35 
Case 40
5 6 9 9 4 24 5 25 0 35 
Case 41
5 6 9 9 5 24 4 25 0 35 
Case 42
5 7 9 9 4 20 5 21 0 35 
Case 43
5 7 9 9 5 20 4 21 0 35 
Case 44
5 7 9 9 4 22 5 23 0 35 
Case 45
5 7 9 9 5 22 4 23 0 35 
Case 46
5 7 9 9 4 24 5 25 0 35 
Case 47
5 7 9 9 5 24 4 25 0 35 
Case 48
5 8 9 9 4 20 5 21 0 35 
Case 49
5 8 9 9 5 20 4 21 0 35 
Case 50
5 8 9 9 4 22 5 23 0 35 
Case 51
5 8 9 9 5 22 4 23 0 35 
Case 52
5 8 9 9 4 24 5 25 0 35 
Case 53
5 8 9 9 5 24 4 25 0 35 
Case 54
9 9 5 10 4 20 5 21 0 35 
Case 55
9 9 5 10 5 20 4 21 0 35 
Case 56
9 9 5 10 4 22 5 23 0 35 
Case 57
9 9 5 10 5 22 4 23 0 35 
Case 58
9 9 5 10 4 24 5 25 0 35 
Case 59
9 9 5 10 5 24 4 25 0 35 
Case 60
9 9 5 11 4 20 5 21 0 35 
Case 61
9 9 5 11 5 20 4 21 0 35 
Case 62
9 9 5 11 4 22 5 23 0 35 
Case 63
9 9 5 11 5 22 4 23 0 35 
Case 64
9 9 5 11 4 24 5 25 0 35 
Case 65
9 9 5 11 5 24 4 25 0 35 
