Case 0
4 8 9 9 4 12 4 24 5 25 0 26 0 35 0 50 
Case 1
4 8 9 9 4 12 4 24 5 25 0 26 0 35 0 58 
Case 2
4 8 9 9 4 12 4 24 5 25 0 26 0 35 0 66 
Case 3
4 8 9 9 4 13 4 24 5 25 0 26 0 35 0 51 
Case 4
4 8 9 9 4 13 4 24 5 25 0 26 0 35 0 59 
Case 5
4 8 9 9 4 13 4 24 5 25 0 26 0 35 0 67 
Case 6
4 8 9 9 4 14 4 24 5 25 0 26 0 35 0 52 
Case 7
4 8 9 9 4 14 4 24 5 25 0 26 0 35 0 60 
Case 8
4 8 9 9 4 14 4 24 5 25 0 26 0 35 0 68 
Case 9
4 8 9 9 4 15 4 24 5 25 0 26 0 35 0 53 
Case 10
4 8 9 9 4 15 4 24 5 25 0 26 0 35 0 61 
Case 11
4 8 9 9 4 15 4 24 5 25 0 26 0 35 0 69 
Case 12
4 8 9 9 4 16 4 24 5 25 0 26 0 35 0 54 
Case 13
4 8 9 9 4 16 4 24 5 25 0 26 0 35 0 62 
Case 14
4 8 9 9 4 16 4 24 5 25 0 26 0 35 0 70 
Case 15
4 8 9 9 4 17 4 24 5 25 0 26 0 35 0 55 
Case 16
4 8 9 9 4 17 4 24 5 25 0 26 0 35 0 63 
Case 17
4 8 9 9 4 17 4 24 5 25 0 26 0 35 0 71 
Case 18
4 8 9 9 4 18 4 24 5 25 0 26 0 35 0 56 
Case 19
4 8 9 9 4 18 4 24 5 25 0 26 0 35 0 64 
Case 20
4 8 9 9 4 18 4 24 5 25 0 26 0 35 0 72 
Case 21
4 8 9 9 4 19 4 24 5 25 0 26 0 35 0 57 
Case 22
4 8 9 9 4 19 4 24 5 25 0 26 0 35 0 65 
Case 23
4 8 9 9 4 19 4 24 5 25 0 26 0 35 0 73 
Case 24
4 8 9 9 4 12 4 24 5 25 0 35 0 38 0 50 
Case 25
4 8 9 9 4 12 4 24 5 25 0 35 0 38 0 58 
Case 26
4 8 9 9 4 12 4 24 5 25 0 35 0 38 0 66 
Case 27
4 8 9 9 4 13 4 24 5 25 0 35 0 38 0 51 
Case 28
4 8 9 9 4 13 4 24 5 25 0 35 0 38 0 59 
Case 29
4 8 9 9 4 13 4 24 5 25 0 35 0 38 0 67 
Case 30
4 8 9 9 4 14 4 24 5 25 0 35 0 38 0 52 
Case 31
4 8 9 9 4 14 4 24 5 25 0 35 0 38 0 60 
Case 32
4 8 9 9 4 14 4 24 5 25 0 35 0 38 0 68 
Case 33
4 8 9 9 4 15 4 24 5 25 0 35 0 38 0 53 
Case 34
4 8 9 9 4 15 4 24 5 25 0 35 0 38 0 61 
Case 35
4 8 9 9 4 15 4 24 5 25 0 35 0 38 0 69 
Case 36
4 8 9 9 4 16 4 24 5 25 0 35 0 38 0 54 
Case 37
4 8 9 9 4 16 4 24 5 25 0 35 0 38 0 62 
Case 38
4 8 9 9 4 16 4 24 5 25 0 35 0 38 0 70 
Case 39
4 8 9 9 4 17 4 24 5 25 0 35 0 38 0 55 
Case 40
4 8 9 9 4 17 4 24 5 25 0 35 0 38 0 63 
Case 41
4 8 9 9 4 17 4 24 5 25 0 35 0 38 0 71 
Case 42
4 8 9 9 4 18 4 24 5 25 0 35 0 38 0 56 
Case 43
4 8 9 9 4 18 4 24 5 25 0 35 0 38 0 64 
Case 44
4 8 9 9 4 18 4 24 5 25 0 35 0 38 0 72 
Case 45
4 8 9 9 4 19 4 24 5 25 0 35 0 38 0 57 
Case 46
4 8 9 9 4 19 4 24 5 25 0 35 0 38 0 65 
Case 47
4 8 9 9 4 19 4 24 5 25 0 35 0 38 0 73 
