Case 0
5 0 4 4 9 9 4 16 4 24 5 25 0 30 0 35 0 54 
Case 1
5 1 4 4 9 9 4 16 4 24 5 25 0 30 0 35 0 54 
Case 2
5 2 4 4 9 9 4 16 4 24 5 25 0 30 0 35 0 54 
Case 3
5 3 4 4 9 9 4 16 4 24 5 25 0 30 0 35 0 54 
Case 4
4 4 5 5 9 9 4 16 4 24 5 25 0 30 0 35 0 54 
Case 5
4 4 5 6 9 9 4 16 4 24 5 25 0 30 0 35 0 54 
Case 6
4 4 5 7 9 9 4 16 4 24 5 25 0 30 0 35 0 54 
Case 7
4 4 5 8 9 9 4 16 4 24 5 25 0 30 0 35 0 54 
Case 8
4 4 9 9 5 10 4 16 4 24 5 25 0 30 0 35 0 54 
Case 9
4 4 9 9 5 11 4 16 4 24 5 25 0 30 0 35 0 54 
