Case 0
4 4 5 8 9 9 5 12 4 16 4 24 5 25 0 30 0 34 0 35 0 50 0 54
Case 1
4 4 5 8 9 9 5 12 4 16 4 24 5 25 0 30 0 34 0 35 0 54 0 58
Case 2
4 4 5 8 9 9 5 12 4 16 4 24 5 25 0 30 0 34 0 35 0 54 0 66
Case 3
4 4 5 8 9 9 5 13 4 16 4 24 5 25 0 30 0 34 0 35 0 51 0 54
Case 4
4 4 5 8 9 9 5 13 4 16 4 24 5 25 0 30 0 34 0 35 0 54 0 59
Case 5
4 4 5 8 9 9 5 13 4 16 4 24 5 25 0 30 0 34 0 35 0 54 0 67
Case 6
4 4 5 8 9 9 5 14 4 16 4 24 5 25 0 30 0 34 0 35 0 52 0 54
Case 7
4 4 5 8 9 9 5 14 4 16 4 24 5 25 0 30 0 34 0 35 0 54 0 60
Case 8
4 4 5 8 9 9 5 14 4 16 4 24 5 25 0 30 0 34 0 35 0 54 0 68
Case 9
4 4 5 8 9 9 5 15 4 16 4 24 5 25 0 30 0 34 0 35 0 53 0 54
Case 10
4 4 5 8 9 9 5 15 4 16 4 24 5 25 0 30 0 34 0 35 0 54 0 61
Case 11
4 4 5 8 9 9 5 15 4 16 4 24 5 25 0 30 0 34 0 35 0 54 0 69
Case 12
4 4 5 8 9 9 4 16 5 17 4 24 5 25 0 30 0 34 0 35 0 54 0 55
Case 13
4 4 5 8 9 9 4 16 5 17 4 24 5 25 0 30 0 34 0 35 0 54 0 63
Case 14
4 4 5 8 9 9 4 16 5 17 4 24 5 25 0 30 0 34 0 35 0 54 0 71
Case 15
4 4 5 8 9 9 4 16 5 18 4 24 5 25 0 30 0 34 0 35 0 54 0 56
Case 16
4 4 5 8 9 9 4 16 5 18 4 24 5 25 0 30 0 34 0 35 0 54 0 64
Case 17
4 4 5 8 9 9 4 16 5 18 4 24 5 25 0 30 0 34 0 35 0 54 0 72
Case 18
4 4 5 8 9 9 4 16 5 19 4 24 5 25 0 30 0 34 0 35 0 54 0 57
Case 19
4 4 5 8 9 9 4 16 5 19 4 24 5 25 0 30 0 34 0 35 0 54 0 65
Case 20
4 4 5 8 9 9 4 16 5 19 4 24 5 25 0 30 0 34 0 35 0 54 0 73
Case 21
4 4 5 8 9 9 5 12 4 16 4 24 5 25 0 30 0 35 0 46 0 50 0 54
Case 22
4 4 5 8 9 9 5 12 4 16 4 24 5 25 0 30 0 35 0 46 0 54 0 58
Case 23
4 4 5 8 9 9 5 12 4 16 4 24 5 25 0 30 0 35 0 46 0 54 0 66
Case 24
4 4 5 8 9 9 5 13 4 16 4 24 5 25 0 30 0 35 0 46 0 51 0 54
Case 25
4 4 5 8 9 9 5 13 4 16 4 24 5 25 0 30 0 35 0 46 0 54 0 59
Case 26
4 4 5 8 9 9 5 13 4 16 4 24 5 25 0 30 0 35 0 46 0 54 0 67
Case 27
4 4 5 8 9 9 5 14 4 16 4 24 5 25 0 30 0 35 0 46 0 52 0 54
Case 28
4 4 5 8 9 9 5 14 4 16 4 24 5 25 0 30 0 35 0 46 0 54 0 60
Case 29
4 4 5 8 9 9 5 14 4 16 4 24 5 25 0 30 0 35 0 46 0 54 0 68
Case 30
4 4 5 8 9 9 5 15 4 16 4 24 5 25 0 30 0 35 0 46 0 53 0 54
Case 31
4 4 5 8 9 9 5 15 4 16 4 24 5 25 0 30 0 35 0 46 0 54 0 61
Case 32
4 4 5 8 9 9 5 15 4 16 4 24 5 25 0 30 0 35 0 46 0 54 0 69
Case 33
4 4 5 8 9 9 4 16 5 17 4 24 5 25 0 30 0 35 0 46 0 54 0 55
Case 34
4 4 5 8 9 9 4 16 5 17 4 24 5 25 0 30 0 35 0 46 0 54 0 63
Case 35
4 4 5 8 9 9 4 16 5 17 4 24 5 25 0 30 0 35 0 46 0 54 0 71
Case 36
4 4 5 8 9 9 4 16 5 18 4 24 5 25 0 30 0 35 0 46 0 54 0 56
Case 37
4 4 5 8 9 9 4 16 5 18 4 24 5 25 0 30 0 35 0 46 0 54 0 64
Case 38
4 4 5 8 9 9 4 16 5 18 4 24 5 25 0 30 0 35 0 46 0 54 0 72
Case 39
4 4 5 8 9 9 4 16 5 19 4 24 5 25 0 30 0 35 0 46 0 54 0 57
Case 40
4 4 5 8 9 9 4 16 5 19 4 24 5 25 0 30 0 35 0 46 0 54 0 65
Case 41
4 4 5 8 9 9 4 16 5 19 4 24 5 25 0 30 0 35 0 46 0 54 0 73
