Case 0
5 5 4 8 9 9 4 12 5 17 4 24 5 25 0 31 0 34 0 35 0 50 0 55
Case 1
5 5 4 8 9 9 4 12 5 17 4 24 5 25 0 31 0 34 0 35 0 55 0 58
Case 2
5 5 4 8 9 9 4 12 5 17 4 24 5 25 0 31 0 34 0 35 0 55 0 66
Case 3
5 5 4 8 9 9 4 13 5 17 4 24 5 25 0 31 0 34 0 35 0 51 0 55
Case 4
5 5 4 8 9 9 4 13 5 17 4 24 5 25 0 31 0 34 0 35 0 55 0 59
Case 5
5 5 4 8 9 9 4 13 5 17 4 24 5 25 0 31 0 34 0 35 0 55 0 67
Case 6
5 5 4 8 9 9 4 14 5 17 4 24 5 25 0 31 0 34 0 35 0 52 0 55
Case 7
5 5 4 8 9 9 4 14 5 17 4 24 5 25 0 31 0 34 0 35 0 55 0 60
Case 8
5 5 4 8 9 9 4 14 5 17 4 24 5 25 0 31 0 34 0 35 0 55 0 68
Case 9
5 5 4 8 9 9 4 15 5 17 4 24 5 25 0 31 0 34 0 35 0 53 0 55
Case 10
5 5 4 8 9 9 4 15 5 17 4 24 5 25 0 31 0 34 0 35 0 55 0 61
Case 11
5 5 4 8 9 9 4 15 5 17 4 24 5 25 0 31 0 34 0 35 0 55 0 69
Case 12
5 5 4 8 9 9 4 16 5 17 4 24 5 25 0 31 0 34 0 35 0 54 0 55
Case 13
5 5 4 8 9 9 4 16 5 17 4 24 5 25 0 31 0 34 0 35 0 55 0 62
Case 14
5 5 4 8 9 9 4 16 5 17 4 24 5 25 0 31 0 34 0 35 0 55 0 70
Case 15
5 5 4 8 9 9 5 17 4 18 4 24 5 25 0 31 0 34 0 35 0 55 0 56
Case 16
5 5 4 8 9 9 5 17 4 18 4 24 5 25 0 31 0 34 0 35 0 55 0 64
Case 17
5 5 4 8 9 9 5 17 4 18 4 24 5 25 0 31 0 34 0 35 0 55 0 72
Case 18
5 5 4 8 9 9 5 17 4 19 4 24 5 25 0 31 0 34 0 35 0 55 0 57
Case 19
5 5 4 8 9 9 5 17 4 19 4 24 5 25 0 31 0 34 0 35 0 55 0 65
Case 20
5 5 4 8 9 9 5 17 4 19 4 24 5 25 0 31 0 34 0 35 0 55 0 73
Case 21
5 5 4 8 9 9 4 12 5 17 4 24 5 25 0 31 0 35 0 46 0 50 0 55
Case 22
5 5 4 8 9 9 4 12 5 17 4 24 5 25 0 31 0 35 0 46 0 55 0 58
Case 23
5 5 4 8 9 9 4 12 5 17 4 24 5 25 0 31 0 35 0 46 0 55 0 66
Case 24
5 5 4 8 9 9 4 13 5 17 4 24 5 25 0 31 0 35 0 46 0 51 0 55
Case 25
5 5 4 8 9 9 4 13 5 17 4 24 5 25 0 31 0 35 0 46 0 55 0 59
Case 26
5 5 4 8 9 9 4 13 5 17 4 24 5 25 0 31 0 35 0 46 0 55 0 67
Case 27
5 5 4 8 9 9 4 14 5 17 4 24 5 25 0 31 0 35 0 46 0 52 0 55
Case 28
5 5 4 8 9 9 4 14 5 17 4 24 5 25 0 31 0 35 0 46 0 55 0 60
Case 29
5 5 4 8 9 9 4 14 5 17 4 24 5 25 0 31 0 35 0 46 0 55 0 68
Case 30
5 5 4 8 9 9 4 15 5 17 4 24 5 25 0 31 0 35 0 46 0 53 0 55
Case 31
5 5 4 8 9 9 4 15 5 17 4 24 5 25 0 31 0 35 0 46 0 55 0 61
Case 32
5 5 4 8 9 9 4 15 5 17 4 24 5 25 0 31 0 35 0 46 0 55 0 69
Case 33
5 5 4 8 9 9 4 16 5 17 4 24 5 25 0 31 0 35 0 46 0 54 0 55
Case 34
5 5 4 8 9 9 4 16 5 17 4 24 5 25 0 31 0 35 0 46 0 55 0 62
Case 35
5 5 4 8 9 9 4 16 5 17 4 24 5 25 0 31 0 35 0 46 0 55 0 70
Case 36
5 5 4 8 9 9 5 17 4 18 4 24 5 25 0 31 0 35 0 46 0 55 0 56
Case 37
5 5 4 8 9 9 5 17 4 18 4 24 5 25 0 31 0 35 0 46 0 55 0 64
Case 38
5 5 4 8 9 9 5 17 4 18 4 24 5 25 0 31 0 35 0 46 0 55 0 72
Case 39
5 5 4 8 9 9 5 17 4 19 4 24 5 25 0 31 0 35 0 46 0 55 0 57
Case 40
5 5 4 8 9 9 5 17 4 19 4 24 5 25 0 31 0 35 0 46 0 55 0 65
Case 41
5 5 4 8 9 9 5 17 4 19 4 24 5 25 0 31 0 35 0 46 0 55 0 73
